220
0 109 118
0 117 106
0 129 110
0 139 100
0 167 114
0 197 104
1 22 103
1 28 101
1 34 102
1 36 119
1 38 121
1 58 109
1 87 108
1 109 120
1 125 110
1 132 113
1 134 106
1 142 99
1 177 107
1 178 105
1 181 109
1 183 110
2 0 118
2 52 116
2 67 104
2 115 110
2 136 119
2 151 101
2 154 119
2 193 99
2 200 100
2 208 103
3 7 121
3 9 106
3 61 99
3 103 117
3 104 100
3 122 100
3 134 121
3 144 113
3 155 99
3 191 110
3 193 108
3 206 111
4 28 107
4 39 115
4 40 117
4 73 110
4 74 112
4 88 113
4 110 114
4 131 106
4 141 103
4 183 105
4 197 106
5 28 100
5 34 112
5 39 104
5 56 119
5 67 118
5 71 114
5 73 115
5 99 118
5 113 112
5 127 111
5 169 120
5 180 118
5 193 102
5 209 107
5 210 114
6 20 106
6 73 102
6 105 113
6 145 120
6 175 104
6 180 100
6 182 107
6 197 118
6 208 115
7 40 110
7 80 104
7 83 102
7 86 121
7 124 112
7 175 108
7 184 100
7 195 104
7 199 118
8 21 117
8 53 121
8 59 120
8 83 99
8 110 113
8 127 115
8 130 104
8 149 121
8 165 106
8 181 113
8 183 110
8 218 104
9 13 120
9 32 107
9 36 101
9 49 118
9 64 111
9 93 103
9 97 103
9 108 110
9 129 101
9 133 116
9 151 106
9 193 112
9 199 103
9 201 109
10 19 115
10 37 106
10 64 121
10 70 121
10 115 99
10 117 109
10 125 108
10 152 118
10 175 115
11 7 115
11 10 115
11 46 116
11 53 115
11 100 112
11 110 109
11 120 119
11 125 120
11 144 121
11 162 113
11 176 121
11 177 116
11 202 114
12 6 111
12 25 100
12 32 119
12 59 99
12 75 115
12 97 110
12 100 120
12 103 102
12 111 111
12 125 107
12 147 115
12 153 99
12 157 105
12 172 100
12 186 102
12 206 115
13 20 115
13 39 111
13 41 110
13 86 121
13 122 114
13 123 116
13 141 112
13 144 119
13 153 113
13 160 99
13 161 113
13 179 106
13 182 118
13 186 117
13 190 110
14 42 100
14 52 108
14 78 109
14 90 120
14 92 119
14 204 106
14 212 109
15 10 106
15 12 114
15 19 117
15 38 120
15 39 120
15 44 105
15 46 103
15 57 114
15 80 110
15 94 105
15 117 107
15 161 111
15 174 103
15 176 104
15 184 110
15 186 119
15 209 111
16 2 112
16 22 105
16 89 107
16 132 121
16 135 115
16 140 119
16 149 104
16 158 104
16 163 107
16 171 116
16 183 109
16 187 99
16 193 104
16 211 120
16 215 121
17 0 119
17 7 102
17 8 119
17 91 103
17 99 118
17 132 111
17 145 107
17 169 118
17 173 113
17 193 101
17 201 113
17 203 121
18 3 104
18 39 115
18 40 106
18 51 102
18 59 103
18 82 119
18 92 109
18 105 114
18 109 100
18 111 102
18 123 118
18 139 121
18 140 105
18 145 109
18 152 111
18 176 99
18 186 110
18 204 106
18 205 106
19 3 109
19 7 115
19 43 101
19 85 101
19 112 120
19 196 99
20 19 99
20 31 116
20 32 120
20 62 114
20 63 108
20 78 119
20 84 103
20 93 101
20 97 106
20 114 104
20 128 114
20 145 100
20 146 112
20 174 117
20 186 115
20 219 107
21 47 109
21 52 107
21 84 101
21 88 110
21 92 113
21 119 114
21 124 101
21 155 118
21 159 110
21 197 110
21 200 121
22 18 99
22 24 117
22 34 110
22 42 102
22 43 116
22 56 107
22 57 116
22 92 103
22 126 118
22 141 106
22 147 115
22 158 107
22 184 119
22 202 115
22 212 119
23 6 100
23 69 120
23 140 107
23 172 108
23 190 119
23 213 111
24 7 102
24 13 102
24 41 105
24 44 110
24 45 109
24 53 117
24 59 108
24 93 112
24 122 100
24 132 102
24 134 117
24 135 110
24 160 101
24 192 101
25 11 102
25 13 116
25 30 108
25 48 121
25 69 107
25 83 111
25 106 106
25 120 107
25 209 100
25 212 105
26 7 119
26 24 120
26 63 121
26 98 115
26 103 111
26 140 116
26 150 109
26 161 100
26 166 104
26 177 120
26 196 121
27 59 121
27 65 100
27 77 106
27 84 112
27 105 121
27 116 113
27 126 113
27 173 104
27 177 109
27 181 117
27 218 117
28 24 116
28 53 105
28 64 115
28 71 107
28 77 104
28 81 99
28 88 113
28 92 104
28 98 116
28 117 110
28 118 110
28 138 118
28 141 115
28 168 114
28 188 117
29 36 111
29 51 117
29 62 119
29 69 99
29 74 111
29 82 114
29 89 100
29 129 107
29 179 103
29 188 118
29 211 106
29 214 109
30 42 107
30 72 113
30 82 119
30 102 119
30 106 117
30 143 104
31 8 101
31 44 100
31 51 116
31 78 106
31 98 117
31 110 115
31 138 104
31 167 105
31 168 109
31 185 109
32 6 115
32 24 101
32 36 107
32 41 103
32 44 99
32 88 114
32 94 118
32 110 116
32 114 109
32 120 107
32 135 117
32 145 115
32 146 109
33 8 106
33 23 119
33 50 117
33 59 115
33 62 104
33 66 117
33 68 102
33 80 101
33 93 107
33 104 104
33 108 102
33 131 100
33 187 102
33 191 105
33 207 113
33 212 110
34 78 101
34 114 121
34 148 117
34 156 107
34 198 107
35 68 104
35 102 113
35 119 111
35 122 101
35 180 104
36 4 115
36 8 113
36 21 115
36 22 118
36 35 118
36 78 110
36 83 109
36 87 104
36 124 104
36 134 118
36 138 108
36 159 104
37 16 120
37 18 110
37 20 99
37 27 102
37 29 108
37 40 112
37 49 100
37 74 109
37 123 111
37 139 113
37 141 105
37 142 121
37 147 117
37 150 103
37 151 114
37 164 100
37 171 99
37 182 121
38 3 119
38 18 117
38 34 118
38 35 110
38 44 107
38 115 107
38 121 116
38 126 118
38 145 107
38 146 100
38 199 109
39 16 109
39 43 101
39 100 113
39 128 118
39 130 105
39 148 109
39 206 110
40 15 103
40 19 111
40 55 101
40 146 109
40 151 102
40 153 102
40 215 101
41 0 100
41 61 111
41 68 118
41 95 117
41 112 107
41 145 99
41 156 113
41 209 106
42 0 118
42 24 110
42 33 113
42 57 117
42 58 101
42 62 100
42 82 110
42 88 113
42 140 117
42 147 117
42 149 121
42 150 107
42 151 109
42 157 114
42 180 101
43 2 111
43 14 118
43 18 110
43 20 118
43 34 102
43 40 103
43 45 109
43 48 110
43 56 104
43 103 108
43 108 103
43 171 115
43 195 115
44 39 115
44 55 116
44 58 104
44 70 105
44 76 117
44 83 119
44 97 121
44 110 104
44 122 121
44 155 102
44 199 108
45 15 105
45 17 109
45 18 119
45 20 110
45 50 101
45 59 103
45 61 115
45 75 104
45 104 113
45 122 117
45 151 103
45 165 108
45 179 101
45 180 107
45 188 106
46 5 112
46 62 107
46 69 112
46 104 114
46 112 120
46 121 105
46 142 114
46 179 101
47 20 104
47 33 101
47 83 112
47 93 105
47 96 121
47 134 113
47 138 101
47 142 119
47 173 100
47 181 109
47 190 106
47 200 107
48 5 109
48 14 99
48 17 107
48 27 99
48 40 107
48 53 108
48 59 110
48 65 109
48 82 115
48 105 121
48 108 99
48 112 116
48 133 120
48 135 113
48 148 119
48 157 113
48 187 114
48 194 112
49 73 110
49 78 102
49 95 101
49 98 108
49 105 100
49 143 106
49 152 108
49 156 116
49 169 119
49 172 117
49 184 118
49 202 118
49 210 118
50 38 117
50 53 104
50 83 101
50 113 102
50 115 105
50 118 115
50 137 103
50 154 100
50 189 101
50 204 114
51 21 101
51 111 114
51 117 115
51 123 106
51 146 115
51 188 107
52 22 116
52 49 116
52 60 105
52 86 104
52 122 100
52 123 105
52 135 106
52 150 113
52 178 114
52 198 118
53 2 111
53 47 112
53 120 105
53 130 112
53 204 101
54 83 110
54 107 114
54 117 103
54 156 99
54 177 100
54 193 113
54 196 115
54 197 102
54 216 117
55 15 109
55 52 101
55 54 121
55 57 109
55 81 119
55 147 112
55 149 112
55 187 118
55 214 105
56 4 99
56 32 109
56 42 116
56 58 109
56 76 113
56 101 100
56 122 120
56 132 102
56 133 114
56 150 112
56 205 109
57 21 121
57 24 117
57 35 115
57 43 99
57 82 116
57 123 106
57 127 100
57 161 120
57 213 114
57 215 110
58 39 111
58 59 117
58 66 103
58 68 104
58 70 107
58 80 118
58 81 102
58 90 120
58 106 110
58 107 117
58 126 120
58 127 100
58 130 107
58 146 108
58 176 105
58 177 113
58 178 103
58 206 110
59 25 114
59 40 112
59 64 110
59 97 102
59 147 104
59 161 103
59 174 119
59 205 110
60 5 115
60 137 120
60 141 108
60 176 100
60 205 117
60 208 100
60 211 116
60 219 104
61 5 118
61 6 104
61 9 107
61 31 107
61 33 100
61 88 112
61 96 104
61 103 108
61 140 103
61 144 104
61 147 121
62 1 107
62 9 103
62 11 100
62 21 121
62 32 117
62 44 121
62 58 117
62 73 112
62 77 107
62 100 102
62 119 105
62 147 105
62 174 114
62 188 101
62 214 115
62 215 103
63 23 121
63 47 112
63 49 118
63 73 110
63 87 104
63 107 100
63 159 99
63 163 115
63 165 113
63 203 116
63 206 113
63 216 108
63 219 102
64 6 118
64 8 115
64 9 103
64 13 116
64 19 108
64 45 116
64 49 100
64 52 110
64 79 116
64 105 102
64 114 115
64 188 111
64 194 110
64 195 103
64 199 121
65 4 100
65 43 106
65 60 108
65 109 109
65 113 100
65 159 117
66 81 112
66 93 118
66 106 114
66 112 101
66 143 99
66 147 115
66 149 107
66 185 109
66 189 114
66 201 117
67 21 111
67 33 118
67 40 116
67 43 101
67 75 104
67 109 114
67 110 113
67 169 120
67 171 111
67 197 111
67 201 114
68 62 107
68 95 119
68 163 116
68 187 99
68 218 99
69 28 106
69 34 105
69 41 101
69 53 118
69 60 111
69 72 107
69 77 119
69 86 116
69 107 101
69 108 107
69 125 100
69 126 99
69 201 114
69 202 99
69 204 114
70 76 121
70 82 104
70 91 117
70 93 120
70 146 121
70 157 120
70 204 118
70 209 102
70 213 116
71 3 100
71 24 112
71 26 105
71 38 101
71 75 117
71 82 110
71 126 117
71 139 113
71 162 116
71 163 102
71 184 108
72 15 111
72 28 117
72 53 119
72 78 103
72 111 107
72 122 114
73 20 111
73 23 107
73 55 107
73 68 101
73 75 103
73 85 115
73 87 111
73 97 105
73 116 121
73 141 109
73 144 114
73 168 100
73 185 114
74 24 117
74 36 102
74 50 99
74 72 106
74 88 116
74 106 118
74 108 105
74 129 110
74 135 104
74 157 108
75 8 112
75 32 104
75 82 109
75 87 101
75 93 118
75 107 103
75 113 110
75 118 110
75 165 107
75 210 105
76 12 104
76 22 112
76 23 104
76 50 103
76 68 99
76 120 119
76 129 117
76 134 113
76 145 108
76 157 108
76 203 119
76 216 108
77 12 102
77 15 107
77 52 113
77 82 101
77 104 101
77 140 115
77 195 104
77 210 114
78 12 115
78 43 113
78 61 117
78 67 105
78 75 109
78 122 120
78 138 105
78 139 105
78 151 103
78 206 118
79 5 102
79 35 105
79 46 110
79 84 117
79 96 106
79 100 111
79 107 108
79 112 118
79 117 106
79 183 99
79 185 106
79 203 103
80 34 102
80 49 110
80 53 106
80 54 121
80 92 111
80 98 110
80 108 109
80 110 118
80 140 99
80 201 111
80 203 115
81 12 121
81 34 115
81 36 111
81 51 118
81 57 105
81 63 109
81 90 106
81 111 117
81 121 114
81 128 105
81 136 99
81 141 99
81 186 100
81 205 109
82 9 118
82 22 105
82 54 121
82 96 101
82 152 106
82 160 109
82 186 119
82 202 110
83 4 102
83 8 105
83 35 109
83 37 116
83 57 107
83 69 109
83 72 121
83 73 113
83 79 103
83 91 111
83 96 103
83 149 116
83 162 116
83 174 106
84 69 113
84 108 107
84 169 102
84 173 116
84 189 102
84 203 102
84 219 107
85 0 116
85 5 101
85 13 104
85 29 100
85 51 110
85 69 109
85 84 103
85 86 108
85 134 117
85 135 121
85 147 106
85 178 113
85 216 110
86 50 107
86 82 101
86 94 109
86 114 113
86 117 102
86 122 120
86 178 113
86 210 119
86 215 110
87 6 116
87 13 103
87 30 104
87 40 118
87 71 119
87 88 101
87 92 101
87 97 106
87 105 104
87 137 105
87 147 106
87 157 110
87 160 115
87 177 105
87 185 119
88 6 111
88 8 107
88 53 120
88 73 109
88 76 114
88 86 102
88 128 105
88 214 111
89 11 119
89 15 102
89 28 121
89 45 99
89 93 120
89 94 116
89 126 103
89 138 104
89 175 118
89 183 117
89 187 108
90 5 121
90 13 104
90 15 105
90 22 100
90 40 119
90 41 110
90 50 114
90 67 118
90 109 101
90 110 106
90 113 120
90 127 105
90 138 114
90 150 101
90 161 115
90 164 109
90 169 100
90 171 105
90 215 104
91 23 112
91 39 118
91 53 115
91 92 112
91 112 103
91 117 120
91 140 103
91 180 108
92 5 109
92 11 102
92 13 106
92 18 115
92 59 110
92 80 109
92 101 104
92 107 120
92 112 118
92 123 120
92 186 121
92 205 121
93 13 106
93 35 110
93 45 120
93 59 111
93 74 113
93 75 105
93 83 109
93 91 104
93 109 121
93 134 104
93 145 101
93 185 100
93 190 113
93 191 104
93 201 111
93 207 112
93 209 101
94 8 110
94 25 120
94 53 108
94 93 102
94 112 113
94 113 112
94 212 101
94 216 113
95 25 100
95 28 117
95 38 116
95 47 104
95 58 117
95 82 117
95 98 105
95 111 119
95 122 107
95 146 99
95 159 107
95 173 110
95 197 104
96 9 114
96 64 112
96 107 105
96 139 105
96 140 103
96 184 99
97 13 116
97 17 99
97 33 117
97 52 119
97 53 100
97 86 113
97 104 108
97 106 102
97 108 107
97 111 117
97 156 113
97 174 104
98 23 104
98 42 112
98 61 117
98 81 117
98 89 113
98 99 103
98 101 117
98 104 118
98 116 106
98 119 114
98 145 117
98 171 118
98 177 108
98 198 101
99 12 121
99 33 108
99 49 120
99 116 115
99 151 104
99 160 112
99 162 105
99 166 117
99 169 115
99 176 121
99 190 101
99 196 119
99 199 111
99 200 121
99 217 102
99 218 118
100 26 102
100 38 113
100 75 118
100 83 106
100 155 118
100 181 115
100 187 109
100 188 119
101 1 99
101 10 115
101 14 103
101 21 111
101 75 113
101 93 99
101 130 114
101 155 103
101 161 100
101 162 104
101 166 117
102 25 111
102 38 100
102 42 101
102 49 120
102 58 108
102 109 120
102 111 107
102 129 104
102 164 111
103 2 112
103 33 117
103 43 102
103 51 116
103 78 103
103 83 109
103 128 111
103 151 107
103 209 103
103 216 107
104 14 114
104 28 121
104 34 111
104 46 114
104 70 113
104 141 102
104 178 113
104 183 109
105 11 103
105 15 109
105 38 112
105 103 100
105 106 104
105 143 99
105 153 99
105 179 107
106 2 116
106 22 101
106 35 106
106 48 119
106 60 116
106 61 108
106 80 101
106 88 112
106 144 102
106 171 115
106 186 102
106 209 121
106 214 115
107 16 113
107 28 117
107 35 105
107 42 100
107 68 103
107 73 103
107 83 100
107 148 100
107 194 119
108 6 104
108 31 109
108 73 108
108 84 120
108 118 119
108 146 114
108 147 112
108 151 108
108 162 99
108 180 99
108 206 117
109 6 119
109 7 120
109 9 111
109 46 103
109 51 100
109 67 112
109 96 105
109 100 105
109 122 113
109 145 103
109 174 119
109 181 111
109 200 115
109 207 121
110 51 105
110 55 120
110 74 109
110 86 118
110 116 115
110 160 102
110 187 99
110 195 106
111 0 106
111 7 106
111 42 112
111 45 107
111 66 118
111 90 120
111 106 118
111 129 120
111 131 109
111 141 111
111 144 102
111 189 113
111 203 115
112 31 111
112 53 104
112 54 119
112 122 105
112 127 106
112 161 115
113 10 104
113 37 114
113 44 111
113 47 106
113 49 103
113 52 116
113 60 105
113 86 110
113 105 110
113 115 100
113 142 101
113 160 110
113 188 109
113 195 116
113 197 115
113 201 116
114 52 114
114 62 112
114 85 109
114 102 109
114 112 115
114 132 115
114 154 106
114 159 115
114 172 105
114 178 112
114 185 100
114 193 99
114 212 118
114 215 114
115 7 116
115 27 102
115 34 114
115 52 103
115 54 117
115 70 111
115 81 119
115 82 110
115 83 104
115 114 103
115 120 120
115 123 109
115 143 113
115 149 106
115 166 102
115 188 104
115 192 102
116 10 120
116 33 115
116 40 118
116 55 101
116 67 119
116 74 100
116 77 120
116 93 119
116 109 114
116 138 101
116 195 103
117 20 108
117 23 111
117 116 108
117 130 116
117 184 118
117 188 102
117 197 109
117 198 116
118 13 119
118 38 102
118 56 121
118 69 103
118 92 112
118 122 99
118 153 103
118 154 104
118 198 114
118 201 108
119 3 102
119 36 117
119 41 108
119 67 121
119 68 115
119 129 116
119 169 102
119 174 110
119 178 113
119 215 111
120 14 109
120 18 105
120 25 105
120 43 104
120 51 105
120 66 118
120 124 116
120 163 112
120 165 114
120 173 111
120 181 114
120 184 112
120 206 100
120 218 115
121 37 111
121 54 116
121 60 104
121 70 101
121 90 120
121 97 117
121 99 113
121 104 108
121 125 108
121 126 114
121 127 121
121 135 111
121 144 109
121 147 99
121 184 121
121 197 113
122 30 109
122 41 114
122 57 120
122 87 103
122 131 110
122 134 99
122 145 119
122 153 121
122 165 120
122 171 109
122 204 103
123 19 117
123 29 110
123 32 108
123 33 102
123 76 112
123 95 111
123 109 102
123 126 103
123 172 118
123 181 104
123 197 114
123 205 111
124 14 117
124 33 103
124 50 103
124 65 101
124 72 104
124 78 114
124 103 102
124 108 121
124 139 120
124 142 117
124 156 118
124 175 99
124 180 118
124 185 104
124 189 108
124 214 113
125 10 118
125 60 113
125 108 118
125 128 118
125 131 110
125 136 120
125 144 101
125 176 99
125 181 99
125 215 115
126 5 108
126 57 104
126 69 104
126 105 112
126 144 113
126 145 106
126 156 115
126 172 101
126 185 102
126 207 120
126 214 102
127 23 110
127 69 112
127 97 119
127 123 100
127 126 103
127 138 103
127 158 106
127 179 108
127 189 105
127 195 113
128 41 111
128 71 103
128 77 116
128 93 113
128 167 112
128 183 108
128 213 112
129 52 121
129 54 100
129 69 110
129 74 116
129 81 103
129 90 119
129 94 104
129 106 109
129 118 99
129 124 119
129 127 104
129 132 117
129 163 118
129 167 119
129 170 119
130 2 119
130 26 120
130 76 117
130 92 105
130 137 100
130 149 100
130 151 106
130 158 110
130 174 114
130 175 116
130 189 109
130 212 121
131 27 108
131 54 117
131 60 110
131 64 117
131 90 100
131 113 117
131 144 107
131 146 105
131 187 112
131 205 117
131 210 104
132 2 121
132 43 108
132 65 100
132 68 101
132 78 109
132 99 101
132 109 109
132 111 109
132 122 101
132 137 111
132 142 117
133 21 118
133 54 118
133 57 106
133 165 121
133 167 113
133 179 104
133 219 103
134 8 120
134 32 117
134 50 111
134 65 116
134 98 120
134 115 118
134 164 113
134 174 116
134 179 109
134 196 116
135 53 111
135 133 111
135 158 116
135 195 113
135 214 114
136 5 109
136 11 101
136 23 115
136 33 117
136 39 120
136 62 108
136 73 110
136 94 113
136 100 100
136 127 102
136 158 100
136 161 114
136 162 104
136 170 119
136 185 112
136 192 121
136 193 112
137 17 115
137 43 101
137 45 102
137 61 101
137 72 106
137 95 109
137 133 118
137 145 112
137 176 109
137 187 109
137 190 100
137 193 120
137 196 121
137 210 104
137 216 108
138 54 111
138 85 116
138 117 112
138 124 106
138 135 113
138 143 105
138 150 111
138 155 100
138 157 107
138 158 105
138 167 102
139 17 121
139 27 102
139 33 99
139 46 111
139 71 114
139 78 104
139 131 121
139 135 119
139 155 108
139 183 107
139 191 104
140 37 105
140 49 113
140 58 104
140 68 120
140 87 101
140 92 120
140 124 102
140 141 115
140 170 109
140 197 120
140 202 116
140 217 120
141 2 121
141 15 111
141 59 112
141 61 114
141 102 115
141 143 114
141 154 121
141 176 111
141 177 102
141 185 101
141 196 118
141 206 121
142 45 116
142 47 102
142 48 102
142 172 100
142 181 102
142 182 120
142 193 103
143 51 120
143 72 118
143 81 110
143 92 115
143 100 104
143 149 103
143 151 117
143 172 118
143 178 115
143 205 105
144 6 102
144 34 100
144 62 108
144 68 119
144 89 101
144 129 101
144 131 101
144 147 121
144 183 102
144 184 101
144 187 119
144 214 111
145 1 112
145 51 107
145 71 100
145 88 119
145 173 119
145 175 116
145 178 116
145 179 99
145 187 106
145 205 103
145 207 99
146 10 114
146 27 120
146 28 105
146 32 117
146 39 101
146 41 112
146 49 117
146 55 107
146 63 102
146 71 116
146 74 102
146 78 113
146 89 114
146 107 104
146 154 116
146 170 112
146 186 104
146 191 107
146 204 107
147 31 103
147 58 111
147 87 121
147 92 111
147 112 99
147 122 118
147 134 109
147 144 118
147 157 104
147 189 106
147 192 112
147 206 114
147 212 101
147 213 114
148 0 111
148 6 118
148 9 99
148 15 121
148 30 102
148 54 121
148 63 110
148 68 105
148 96 110
148 106 108
148 159 104
148 160 110
148 161 116
149 8 121
149 22 105
149 59 121
149 77 115
149 80 120
149 118 114
149 124 120
149 137 106
149 174 114
149 175 116
149 180 101
149 191 101
149 192 105
149 203 110
149 216 107
149 217 101
150 19 114
150 43 110
150 52 110
150 56 107
150 71 116
150 81 110
150 125 100
150 149 108
150 158 105
150 172 108
150 179 121
150 208 106
150 219 103
151 8 117
151 13 121
151 20 109
151 31 112
151 38 101
151 56 100
151 61 99
151 119 106
151 126 105
151 164 116
151 182 104
151 201 115
151 205 120
152 16 109
152 17 99
152 26 102
152 58 99
152 69 119
152 72 107
152 89 118
152 92 120
152 115 116
152 123 110
152 143 102
152 192 111
152 204 120
153 2 110
153 5 106
153 37 111
153 48 111
153 58 107
153 68 107
153 104 115
153 127 104
153 173 109
153 196 100
154 28 100
154 34 100
154 44 101
154 56 101
154 85 114
154 111 110
154 112 119
154 114 110
154 160 120
154 205 101
155 5 108
155 43 107
155 48 106
155 49 106
155 60 100
155 86 116
155 122 106
155 147 121
155 161 116
155 189 108
155 211 99
156 3 115
156 6 121
156 28 102
156 33 106
156 54 105
156 60 112
156 77 110
156 109 105
156 117 107
156 118 101
156 125 116
156 173 105
156 179 103
157 3 117
157 12 100
157 36 108
157 101 99
157 108 99
157 113 121
157 124 101
157 133 107
157 140 117
157 173 113
157 180 109
157 199 114
157 213 104
158 0 106
158 65 105
158 84 106
158 87 119
158 132 121
158 144 117
158 163 115
158 184 110
158 207 108
159 6 104
159 7 99
159 55 104
159 60 110
159 64 113
159 73 121
159 92 103
159 117 99
159 153 102
159 213 113
160 12 106
160 34 115
160 56 114
160 58 117
160 73 118
160 83 108
160 88 115
160 110 105
160 121 112
160 182 115
160 193 114
160 199 106
160 207 111
161 48 102
161 52 120
161 58 105
161 73 115
161 99 116
161 105 103
161 127 120
161 134 115
161 146 116
161 155 110
161 216 113
162 50 108
162 54 99
162 68 119
162 77 107
162 81 103
162 88 107
162 103 117
162 142 108
162 150 104
162 165 121
162 174 99
163 58 105
163 113 106
163 126 114
163 135 102
163 142 107
163 152 119
163 185 118
163 209 115
163 212 101
164 0 113
164 8 106
164 33 104
164 64 104
164 88 111
164 118 99
164 210 99
164 219 110
165 45 100
165 87 113
165 116 103
165 120 112
165 138 117
165 169 113
165 183 112
165 204 107
165 208 104
165 212 113
165 218 112
166 12 116
166 26 107
166 49 114
166 51 110
166 56 104
166 82 120
166 167 112
166 184 116
166 189 103
166 198 111
167 7 112
167 20 111
167 41 101
167 53 102
167 112 114
167 177 109
167 191 112
167 206 105
167 216 113
168 55 101
168 67 103
168 120 113
168 132 99
168 177 121
169 34 111
169 57 108
169 72 105
169 74 119
169 88 107
169 144 109
169 219 102
170 0 119
170 9 99
170 86 114
170 94 102
170 96 111
170 108 102
170 125 109
170 167 110
170 193 102
170 199 113
171 14 101
171 29 118
171 31 99
171 34 116
171 45 112
171 48 100
171 69 119
171 75 109
171 95 114
171 132 120
171 160 108
171 170 107
171 179 101
171 180 120
171 204 100
172 7 99
172 24 116
172 27 104
172 45 111
172 55 99
172 80 110
172 98 119
172 119 113
172 129 111
172 130 113
172 143 99
172 152 104
172 185 105
172 218 113
173 28 111
173 29 116
173 42 106
173 46 115
173 50 118
173 73 113
173 92 105
173 115 114
173 140 112
173 166 120
173 183 100
173 195 105
174 9 121
174 28 113
174 38 112
174 40 117
174 167 120
174 209 99
174 211 100
175 19 118
175 32 106
175 44 100
175 62 121
175 129 119
175 131 110
175 145 114
175 206 119
176 1 101
176 27 108
176 39 117
176 63 105
176 68 117
176 88 108
176 185 115
176 200 118
176 205 115
176 206 112
177 9 105
177 12 112
177 17 106
177 20 110
177 105 100
177 116 112
177 121 99
177 192 117
177 206 102
178 29 114
178 34 118
178 38 121
178 48 118
178 72 108
178 98 110
178 110 113
178 130 116
178 138 106
178 168 119
179 11 101
179 14 121
179 18 107
179 27 112
179 34 108
179 52 100
179 57 100
179 100 112
179 115 115
179 146 117
179 151 109
179 168 107
179 185 108
179 189 102
179 195 114
180 1 104
180 29 116
180 35 102
180 39 107
180 62 105
180 67 103
180 69 104
180 79 108
180 106 111
180 109 102
180 118 110
180 134 100
180 153 100
180 156 116
180 158 103
180 177 107
180 193 103
181 12 120
181 22 99
181 38 115
181 69 105
181 72 118
181 105 105
181 156 108
181 166 99
181 199 103
181 203 116
182 21 117
182 33 119
182 47 120
182 49 111
182 62 99
182 83 117
182 84 118
182 85 100
182 103 102
182 108 99
182 133 102
182 135 106
182 144 103
182 152 102
182 181 113
182 203 114
183 2 119
183 5 108
183 8 119
183 15 107
183 23 117
183 32 118
183 91 99
183 116 105
183 121 101
183 150 118
183 151 99
183 173 112
184 1 107
184 35 112
184 75 108
184 95 109
184 97 118
184 101 114
184 136 101
184 138 112
184 144 102
184 169 112
184 188 121
184 197 106
184 211 105
184 215 110
185 44 112
185 102 100
185 130 102
185 141 114
185 145 110
185 147 112
185 184 113
186 8 107
186 20 104
186 33 104
186 37 105
186 52 101
186 94 115
186 117 121
186 133 99
186 164 117
186 166 104
186 167 116
186 181 105
186 195 110
186 200 113
186 203 100
187 23 119
187 50 114
187 52 114
187 81 112
187 125 117
187 143 117
187 147 118
187 184 113
187 210 116
188 41 118
188 42 108
188 80 114
188 81 113
188 105 115
188 118 121
188 138 114
188 165 99
188 174 107
188 185 112
188 197 101
188 214 119
189 24 121
189 51 104
189 54 116
189 88 99
189 106 110
189 129 105
189 132 116
189 175 113
189 176 115
189 179 110
189 193 102
189 213 111
190 42 115
190 58 100
190 59 117
190 88 104
190 95 117
190 103 102
190 129 103
190 179 105
190 184 117
190 201 107
190 207 117
191 2 113
191 23 120
191 42 121
191 59 103
191 74 121
191 104 99
191 112 110
191 119 103
191 130 99
191 178 117
191 183 99
191 199 115
191 219 118
192 1 99
192 12 104
192 71 120
192 75 99
192 77 103
192 117 117
192 153 105
192 157 114
192 176 101
192 188 103
192 203 112
192 205 115
193 10 111
193 11 106
193 23 113
193 56 116
193 63 110
193 69 100
193 94 104
193 109 120
193 118 101
193 128 105
193 144 117
193 165 106
193 183 105
193 195 111
193 200 113
194 10 115
194 40 115
194 54 100
194 62 114
194 79 100
194 96 119
194 122 110
194 127 119
194 131 113
195 24 102
195 34 100
195 50 114
195 70 112
195 71 99
195 82 113
195 130 101
195 165 105
195 168 118
195 186 108
196 6 107
196 18 103
196 19 121
196 31 110
196 42 116
196 48 115
196 58 105
196 62 99
196 75 112
196 84 113
196 100 102
196 115 105
196 119 110
196 122 118
196 144 105
196 182 100
196 183 111
197 9 101
197 10 113
197 22 106
197 30 121
197 60 99
197 102 103
197 109 106
197 122 99
197 131 110
197 140 116
197 146 116
197 151 107
197 160 109
197 163 111
197 203 112
197 209 121
198 0 119
198 1 110
198 10 102
198 12 116
198 16 101
198 76 103
198 77 119
198 93 120
198 104 101
198 115 121
198 120 118
198 125 111
198 137 100
198 146 99
198 147 100
198 149 100
198 164 104
198 176 103
198 214 116
199 33 102
199 82 102
199 83 107
199 92 108
199 102 120
199 104 108
199 132 110
199 155 110
199 160 101
199 180 99
199 216 107
200 0 115
200 19 113
200 36 108
200 64 120
200 70 107
200 71 102
200 79 115
200 108 112
200 129 114
200 139 118
200 146 99
200 185 99
200 201 120
200 214 110
201 45 109
201 68 99
201 71 117
201 78 112
201 114 114
201 125 117
201 159 99
201 176 119
201 194 120
201 209 116
202 3 113
202 4 117
202 23 121
202 28 115
202 29 113
202 31 105
202 44 103
202 46 103
202 55 112
202 80 116
202 96 99
202 101 104
202 104 107
202 109 118
202 110 114
202 119 104
202 136 102
202 153 116
202 170 108
202 180 103
202 182 99
202 185 118
202 204 121
203 1 105
203 4 106
203 8 100
203 49 121
203 61 110
203 112 110
203 127 120
203 128 121
203 133 100
203 182 117
204 3 104
204 8 119
204 14 111
204 51 111
204 54 116
204 70 120
204 83 117
204 102 100
204 103 111
204 108 103
204 126 100
204 166 121
204 189 116
204 195 117
204 208 111
205 0 115
205 13 110
205 18 100
205 31 102
205 38 118
205 41 99
205 97 105
205 139 109
205 158 102
205 163 105
205 164 117
205 183 113
205 211 121
206 38 120
206 48 116
206 99 111
206 118 113
206 133 103
206 141 121
206 146 108
206 150 120
206 158 115
206 177 106
206 178 99
207 2 112
207 4 112
207 18 105
207 48 113
207 58 120
207 66 110
207 72 112
207 89 117
207 110 106
207 121 106
207 122 116
207 123 120
207 158 117
207 179 105
207 188 104
208 6 116
208 10 110
208 18 116
208 50 99
208 57 114
208 71 108
208 78 113
208 82 108
208 90 106
208 97 116
208 100 104
208 101 117
208 123 105
208 135 120
208 155 121
208 196 110
208 198 117
209 15 102
209 17 101
209 54 109
209 74 111
209 105 114
209 111 107
209 116 119
209 120 100
209 123 108
209 131 118
209 151 103
209 185 116
209 216 101
210 15 109
210 28 100
210 57 106
210 95 105
210 114 114
210 115 103
210 118 118
210 126 121
210 143 106
210 144 113
210 166 104
210 179 116
210 185 108
210 189 99
210 201 120
211 20 120
211 27 113
211 56 106
211 62 112
211 75 120
211 87 118
211 88 106
211 110 110
211 115 108
211 128 100
211 132 119
211 156 103
211 187 103
211 202 119
212 20 103
212 46 109
212 61 107
212 114 111
212 118 101
212 132 120
212 146 101
212 169 121
212 195 104
213 22 104
213 47 110
213 53 116
213 57 103
213 60 107
213 71 105
213 88 104
213 92 115
213 188 105
213 194 109
213 218 107
213 219 112
214 4 110
214 20 104
214 39 114
214 40 105
214 86 120
214 105 104
214 109 107
214 115 117
214 131 121
214 134 113
214 138 112
214 142 114
214 146 100
214 169 106
214 172 105
214 193 109
215 0 121
215 23 112
215 58 115
215 63 107
215 66 117
215 72 104
215 84 99
215 106 114
215 113 121
215 120 106
215 145 114
215 159 107
215 161 104
215 196 99
216 51 120
216 62 100
216 80 117
216 91 118
216 104 107
216 122 121
216 134 114
216 141 115
216 176 102
216 205 118
216 211 111
217 1 118
217 2 108
217 5 116
217 39 103
217 54 121
217 103 107
217 109 111
217 135 111
217 140 104
217 141 115
217 170 121
217 178 117
217 201 104
218 10 116
218 74 109
218 83 100
218 127 110
218 136 101
219 5 111
219 7 100
219 8 111
219 23 121
219 55 119
219 70 119
219 96 116
219 122 106
219 135 108
219 138 101
219 148 109
219 208 101
