40
0 34 19
1 4 22
1 15 21
1 31 18
2 14 21
2 22 20
2 29 18
2 35 22
3 8 18
3 29 20
3 34 21
4 23 20
5 15 19
6 9 20
6 13 21
7 1 20
7 12 21
7 16 20
7 37 19
8 10 22
8 15 20
8 19 20
8 21 21
8 28 19
9 4 20
9 15 22
9 16 20
9 28 21
9 34 22
10 1 20
10 7 22
10 16 19
10 31 21
11 0 18
11 25 18
11 32 21
12 0 20
12 14 21
12 29 22
12 33 22
14 15 19
14 20 18
14 22 21
14 26 20
14 27 18
15 4 20
15 5 19
15 32 18
16 6 19
16 17 19
16 18 21
16 19 19
16 24 20
16 25 18
17 34 20
18 6 18
18 15 19
18 16 18
18 22 19
18 26 22
20 26 18
20 32 19
21 9 19
21 23 19
22 1 20
22 7 18
22 15 22
22 31 18
23 0 18
23 30 19
23 32 18
24 8 18
24 23 18
24 32 20
24 33 18
25 0 19
25 30 22
25 38 22
26 17 18
26 25 22
26 37 21
28 19 22
28 24 21
28 31 20
29 0 20
29 34 22
29 38 21
30 6 19
30 39 21
32 6 20
32 17 20
33 0 22
33 4 20
33 7 19
33 13 20
33 28 21
34 35 20
35 7 20
35 12 18
35 20 21
35 21 22
36 1 20
36 23 22
37 9 20
38 2 19
38 7 19
38 14 19
38 17 19
38 37 19
39 1 22
39 16 18
39 17 21
