80
0 79 44
1 27 42
1 30 38
1 42 41
1 59 44
2 1 36
2 50 41
3 15 42
3 20 41
3 24 43
3 34 41
3 35 37
3 44 42
3 53 37
4 73 42
4 78 43
5 10 39
5 12 37
5 29 38
5 44 38
5 56 37
5 67 42
6 16 36
6 28 43
6 32 42
6 64 41
6 72 36
7 21 39
7 47 39
7 53 44
7 60 43
8 3 43
8 6 37
8 22 44
8 67 43
9 8 37
9 36 44
9 38 37
9 41 41
9 57 41
9 60 39
9 77 44
10 2 40
10 28 40
10 44 40
10 55 42
10 68 36
11 0 44
11 1 41
11 24 43
11 48 37
11 65 36
11 73 43
12 45 41
12 47 38
12 48 44
12 55 40
12 63 43
12 66 37
13 33 36
13 43 41
13 72 36
14 22 39
14 30 37
14 42 43
15 0 41
15 55 42
16 10 38
16 21 44
16 27 44
16 57 44
16 71 36
17 26 38
17 50 37
17 57 44
17 72 40
17 78 40
18 26 44
18 43 42
18 62 41
19 5 37
19 8 40
19 32 36
19 44 40
19 62 36
19 73 44
19 76 38
20 31 37
20 57 36
21 2 42
21 36 41
21 73 38
22 3 44
23 1 41
24 5 41
24 22 43
24 28 43
24 49 38
24 59 37
24 76 42
25 3 36
25 29 40
25 40 38
25 63 43
25 67 37
25 76 41
26 1 37
26 29 40
26 33 37
26 34 44
26 39 40
26 50 36
27 3 39
27 6 41
28 7 41
28 25 36
28 36 36
28 42 41
28 54 36
28 59 41
28 79 41
29 26 41
29 63 37
30 21 39
30 56 40
31 38 36
31 48 36
31 49 39
31 61 43
32 0 39
32 9 37
32 48 36
32 58 36
33 16 43
33 45 43
33 69 43
34 42 40
34 46 43
35 16 43
35 26 42
35 41 41
35 47 44
35 56 41
35 76 39
36 25 41
36 53 44
36 66 38
36 73 36
36 75 39
37 1 38
37 25 40
37 70 37
38 39 43
38 47 36
38 63 41
38 76 38
39 4 39
39 23 40
39 24 44
39 31 38
39 61 36
39 74 37
40 10 37
40 29 44
41 4 43
41 7 37
41 39 40
41 60 42
41 65 37
42 5 40
42 6 37
42 22 42
42 36 42
42 48 41
42 65 37
42 73 41
43 38 41
43 69 38
43 74 39
44 0 39
44 4 44
44 24 41
44 57 43
45 30 41
45 60 43
46 9 39
46 41 37
46 77 36
47 1 40
47 2 44
47 5 41
47 10 39
47 11 38
47 23 44
47 32 40
47 45 44
47 50 44
47 59 36
47 67 37
48 10 44
48 51 42
48 56 38
48 60 41
48 79 42
49 38 41
50 6 42
50 11 36
50 19 43
50 21 44
50 32 44
50 33 39
50 69 44
50 77 43
51 1 39
51 30 37
51 36 36
51 37 42
51 46 38
52 13 38
52 26 43
52 27 39
52 29 42
52 55 39
52 78 41
53 8 43
53 33 40
53 38 43
53 72 39
53 75 38
54 27 43
54 55 39
54 64 36
55 5 36
55 14 44
55 15 43
55 33 38
55 65 43
55 74 38
56 13 37
56 37 39
57 46 38
57 47 44
57 50 37
57 54 43
57 73 36
58 9 41
58 26 37
59 18 40
59 34 39
59 44 43
59 50 37
59 60 43
59 64 37
59 74 42
60 13 38
60 21 44
60 54 36
60 75 44
61 3 36
61 22 37
61 48 42
62 16 42
62 23 36
63 9 41
63 20 38
63 48 37
63 69 41
64 14 43
64 24 37
64 56 43
64 61 43
64 65 36
64 68 38
65 7 37
65 8 40
65 31 39
65 72 38
66 19 39
66 22 40
66 48 36
66 57 36
66 69 44
66 75 43
67 26 42
67 52 40
67 65 38
68 0 43
68 28 39
68 33 43
68 35 43
68 42 39
68 74 42
69 26 44
69 49 44
69 61 39
69 67 39
69 76 43
70 6 38
70 8 38
70 24 36
70 69 37
71 5 44
71 21 37
71 24 38
71 60 39
71 73 44
72 5 44
72 29 39
72 34 40
72 40 42
72 50 40
73 8 38
73 61 43
73 66 36
73 72 44
74 15 42
74 43 41
74 48 36
75 63 41
75 78 44
76 28 41
76 64 37
77 10 37
78 0 43
78 21 43
78 31 38
78 59 42
79 4 41
79 6 38
79 43 39
