30
0 8 13
1 8 14
2 11 14
2 14 16
2 17 15
2 19 15
3 1 15
3 4 13
3 14 16
3 16 15
3 23 13
5 22 14
5 24 15
6 19 16
6 20 14
7 26 15
8 4 16
9 22 14
9 23 15
10 2 14
11 3 14
11 4 13
12 1 13
12 21 13
12 23 15
13 5 14
13 10 14
13 12 15
14 2 14
14 5 14
14 6 14
14 22 14
15 7 15
15 18 15
16 3 15
16 6 16
16 25 13
17 26 15
18 17 14
18 27 13
19 2 15
19 26 14
20 29 14
21 8 16
23 4 15
23 6 16
23 20 15
23 22 14
23 28 15
24 14 14
24 16 14
25 15 16
26 22 14
26 23 15
27 0 16
27 1 13
27 20 16
28 2 14
28 18 13
29 16 16
29 25 15
