120
0 3 58
0 10 62
0 17 61
0 27 63
0 57 63
0 104 59
1 0 60
1 20 60
1 26 64
1 42 60
1 56 64
1 78 64
1 82 57
1 86 54
1 99 64
1 103 60
1 108 66
1 109 60
2 6 64
2 15 62
2 36 60
2 58 56
2 62 61
2 88 56
3 16 60
3 21 56
3 24 60
3 36 65
3 80 56
3 85 61
3 88 61
4 5 58
4 89 57
4 99 66
4 100 64
4 113 61
5 31 62
5 62 58
5 63 65
5 71 66
5 110 55
6 111 55
6 112 59
7 4 65
7 40 63
7 50 58
7 103 66
7 107 54
7 113 58
8 15 58
8 39 55
8 49 54
8 65 63
8 68 58
8 70 54
8 81 60
8 110 62
9 1 66
9 11 62
9 66 62
10 8 66
10 23 65
10 31 54
10 39 60
10 41 60
10 57 54
10 67 59
10 71 66
10 107 61
11 14 54
11 19 58
11 27 63
11 74 59
11 89 60
11 93 62
11 94 66
11 99 65
12 0 58
12 3 61
12 13 60
12 26 65
12 29 63
12 43 55
12 44 60
12 46 62
12 61 64
12 108 55
12 109 66
13 31 57
13 33 63
13 34 65
13 41 60
13 51 55
13 59 57
13 66 64
13 83 63
13 103 55
13 104 63
14 0 56
14 1 55
14 10 64
14 28 58
14 80 57
14 92 56
14 103 58
14 105 64
14 113 56
15 1 54
15 36 55
15 39 66
15 72 60
15 88 59
15 100 62
16 19 56
16 53 58
16 79 62
16 85 62
16 97 57
16 115 54
17 1 57
17 77 61
17 91 60
17 101 57
17 108 66
17 113 57
18 12 56
18 28 63
18 33 57
18 44 57
18 49 56
18 51 55
18 54 58
18 71 57
18 90 65
19 44 59
19 51 65
20 58 62
20 80 65
20 85 65
20 92 66
20 113 61
21 5 66
21 6 65
21 33 63
21 37 62
21 75 58
21 90 61
21 102 65
21 104 59
22 7 58
22 57 61
22 64 57
22 83 60
23 17 58
23 18 56
23 32 61
23 46 65
23 48 65
23 57 62
23 113 61
24 5 60
24 9 66
24 15 63
24 20 64
24 46 64
24 62 56
24 74 58
24 82 62
25 1 63
25 8 61
25 32 59
25 52 63
25 102 61
25 106 62
26 3 61
26 4 55
26 5 61
26 6 59
26 34 57
26 36 56
26 74 57
26 79 56
26 92 62
27 12 64
27 19 61
27 20 58
27 24 59
27 30 58
27 40 62
27 44 63
27 60 59
27 93 58
28 25 59
28 31 57
28 44 63
28 53 62
28 56 59
28 57 57
28 65 57
28 66 62
28 68 66
28 86 57
28 97 63
28 99 65
28 110 64
29 45 62
29 69 55
29 72 57
29 91 60
29 100 57
29 104 55
30 25 57
30 31 55
30 35 61
30 50 62
30 99 66
31 59 58
31 66 58
31 85 59
31 89 54
31 101 55
32 4 59
32 6 55
32 11 64
32 23 61
32 30 57
32 59 57
32 95 66
32 96 58
32 119 58
33 42 66
33 55 66
33 60 65
33 67 58
33 74 63
33 90 60
33 94 58
34 4 60
34 9 56
34 30 56
34 71 63
34 81 62
34 108 65
34 111 66
35 13 65
35 19 61
35 32 56
35 42 58
35 52 65
35 75 59
35 85 59
35 113 57
36 29 58
36 74 55
36 89 63
36 116 59
37 25 63
37 41 66
37 53 57
37 58 57
37 81 65
37 88 66
38 32 60
38 57 54
38 58 55
38 67 55
38 91 66
38 93 62
38 101 54
38 111 65
39 1 56
39 28 59
39 37 61
39 60 57
39 81 64
40 27 62
40 30 63
40 47 62
40 52 62
40 77 59
40 85 62
40 107 58
40 109 58
41 2 61
41 6 61
41 17 66
41 22 65
41 37 58
41 49 57
41 54 63
41 76 61
41 87 63
41 112 58
41 116 64
42 0 56
42 22 63
42 32 58
42 56 63
42 63 54
42 69 56
42 81 63
43 66 61
43 70 59
43 73 66
44 34 56
44 61 65
44 80 57
44 98 65
44 102 64
45 1 61
45 61 61
46 12 62
46 27 61
46 86 61
46 90 65
46 107 66
46 110 62
47 17 54
47 23 56
47 38 54
47 67 56
47 75 61
47 82 60
47 87 62
47 91 60
47 114 61
48 2 63
48 8 60
48 13 55
48 83 66
48 89 57
48 96 64
49 23 60
49 72 63
49 88 55
49 116 58
50 11 57
50 14 61
50 20 60
50 23 56
50 27 60
50 72 64
50 74 59
50 108 60
51 15 55
51 22 64
51 27 61
51 43 61
51 58 54
51 63 58
51 92 61
51 95 62
51 110 55
51 116 65
52 1 54
52 17 57
52 20 64
52 44 54
52 63 63
52 71 58
52 79 60
52 103 64
52 115 58
52 118 56
53 10 59
53 23 56
53 45 61
53 54 54
53 78 66
53 84 60
53 101 63
54 22 59
54 24 65
54 30 65
54 42 55
54 44 56
54 62 64
54 69 54
54 93 57
54 112 57
54 116 59
55 43 56
55 54 61
55 104 56
56 1 57
56 9 61
56 59 55
56 90 57
56 95 54
57 3 61
57 16 65
57 26 63
57 50 63
57 67 62
57 82 58
57 83 62
57 99 63
57 115 63
57 119 59
58 23 57
58 25 62
58 39 56
58 64 61
58 76 65
58 78 65
58 106 60
59 5 66
59 11 61
59 21 61
59 30 59
59 51 65
59 54 58
59 76 63
59 111 58
60 45 60
60 53 66
60 56 57
60 59 65
60 90 62
60 95 54
61 13 65
61 34 65
61 99 60
62 24 66
62 30 59
62 42 66
62 46 55
62 48 59
62 52 55
62 59 57
62 61 62
62 74 58
62 82 57
62 92 63
63 3 57
63 18 63
63 64 65
63 73 58
63 90 63
63 99 55
63 116 55
63 119 58
64 10 66
64 42 65
64 67 64
64 70 60
64 86 58
64 113 65
64 116 65
65 14 61
65 16 56
65 29 55
65 62 66
65 63 54
65 66 55
65 68 56
65 97 64
65 112 55
65 113 62
66 7 59
66 8 63
66 21 55
66 35 63
66 75 58
66 90 66
67 5 62
67 11 59
67 64 57
67 107 63
67 110 58
68 8 54
68 25 59
68 44 61
68 72 58
68 74 56
68 114 63
69 2 57
69 17 55
69 29 59
69 62 59
69 64 63
69 65 63
69 76 64
69 116 60
70 0 65
70 12 58
70 22 57
70 36 56
70 44 64
70 57 60
70 73 54
70 77 54
70 102 66
71 4 60
71 8 56
71 14 61
71 27 56
71 32 57
71 53 60
71 94 64
71 96 63
71 113 61
72 3 63
72 15 61
72 18 60
72 41 66
72 43 61
72 65 55
72 69 56
72 97 65
72 105 58
72 109 57
72 118 62
73 3 60
73 8 59
73 10 60
73 24 58
73 38 66
74 5 66
74 10 57
74 52 63
74 63 55
74 95 55
74 106 62
74 108 54
75 18 60
75 36 60
75 64 61
76 19 57
76 30 64
76 55 54
76 58 66
76 63 66
76 67 61
76 80 59
76 87 60
77 8 54
77 40 59
78 5 63
78 9 66
78 57 66
78 84 63
78 86 58
78 88 59
79 1 56
79 2 59
79 43 66
79 62 59
79 70 58
79 78 58
79 98 58
80 6 61
80 7 65
80 27 62
80 42 62
80 84 55
80 103 61
80 108 55
80 111 58
80 119 56
81 16 62
81 32 59
81 40 54
81 53 65
81 77 55
82 14 55
82 32 62
82 35 60
82 74 57
83 16 61
83 35 54
83 47 58
83 49 58
83 58 59
83 101 64
84 9 63
84 13 63
84 86 55
84 88 55
84 112 60
85 16 62
85 52 65
85 76 66
85 108 57
85 113 59
85 115 62
86 41 66
86 46 62
86 69 60
86 79 64
86 82 66
86 87 60
86 95 66
87 39 63
87 47 57
87 50 65
87 65 64
87 78 63
87 103 63
88 8 65
88 17 66
88 22 58
88 32 65
88 76 57
88 100 61
88 113 54
89 4 59
89 23 56
89 26 61
89 57 60
90 2 58
90 14 56
90 17 59
90 25 64
90 46 60
90 63 60
90 72 64
90 111 57
91 9 61
91 12 64
91 26 58
91 38 62
91 82 60
91 92 58
92 10 58
92 14 60
92 18 58
92 20 60
92 28 65
92 46 66
92 83 63
92 95 55
92 96 59
92 110 60
92 113 59
92 115 62
93 1 59
93 57 65
93 62 65
93 85 56
93 111 65
94 5 63
94 23 57
94 69 61
94 79 54
94 88 58
94 119 65
95 38 54
95 53 58
95 59 66
95 73 55
95 92 58
95 101 57
95 117 54
96 2 56
96 29 62
96 38 58
96 49 64
96 50 61
96 57 56
96 69 64
96 74 61
96 85 60
97 10 58
97 35 63
97 52 64
97 86 58
97 89 65
97 116 66
98 10 57
98 49 59
98 53 62
98 104 57
99 41 59
99 86 58
99 95 65
99 100 55
99 107 66
100 4 55
100 12 65
100 16 66
100 19 54
100 31 55
100 42 63
100 46 63
100 58 66
100 78 59
100 96 55
100 99 65
101 31 57
101 44 56
101 75 65
101 90 63
101 111 66
102 11 66
102 48 55
102 85 64
102 108 62
102 111 55
103 29 57
103 35 65
103 38 56
103 56 61
103 66 66
103 70 64
103 80 65
103 81 66
103 86 56
103 98 57
103 102 64
103 110 64
104 3 56
104 56 54
104 109 62
105 17 66
105 31 59
105 35 54
105 40 59
105 68 66
105 72 57
106 1 62
106 5 60
106 15 64
106 18 65
106 92 54
106 112 60
106 116 55
107 3 54
107 53 57
107 91 55
107 105 55
108 2 60
108 41 54
108 49 58
108 93 55
108 96 66
108 99 55
108 113 60
108 115 54
109 1 61
109 6 57
109 27 58
109 37 65
109 46 62
109 94 65
109 96 64
109 111 63
110 19 59
110 48 61
110 53 66
110 85 55
110 111 64
111 6 58
111 22 59
111 26 54
111 33 62
111 58 59
111 70 60
111 77 59
111 89 56
111 100 57
112 3 56
112 21 55
112 39 56
112 46 62
112 63 62
112 77 59
112 86 54
112 91 65
112 107 57
113 23 66
113 43 63
113 45 54
113 51 63
113 75 57
113 90 60
113 102 62
113 117 60
114 36 61
114 62 65
114 79 57
114 85 63
114 90 64
114 95 63
114 99 61
115 0 63
115 10 60
115 38 63
115 59 66
115 80 61
115 85 61
115 91 58
115 118 64
116 14 55
116 106 55
117 12 62
117 47 60
117 57 62
117 62 63
117 73 60
118 13 54
118 93 57
118 100 60
118 106 62
119 3 55
119 45 58
119 58 62
119 106 58
