320
0 9 170
0 80 151
0 148 169
0 190 156
0 200 170
0 202 165
0 232 163
0 242 149
0 273 173
0 279 174
0 292 174
0 293 174
1 56 154
1 91 169
1 101 170
1 112 174
1 113 173
1 151 173
1 175 151
1 185 158
1 190 151
1 200 175
1 208 167
1 217 171
1 273 159
1 291 168
2 22 152
2 54 174
2 79 151
2 106 161
2 115 157
2 127 173
2 164 163
2 215 148
2 231 162
2 254 160
2 295 151
2 303 169
2 310 167
3 14 153
3 26 155
3 55 173
3 68 172
3 86 146
3 116 146
3 124 153
3 141 156
3 151 159
3 209 154
3 249 148
3 250 150
4 5 145
4 53 150
4 68 172
4 72 173
4 87 155
4 89 156
4 95 159
4 112 173
4 114 155
4 121 167
4 127 146
4 146 151
4 158 162
4 185 148
4 191 172
4 192 174
4 199 164
4 205 149
4 252 145
4 265 169
4 270 155
4 292 174
4 318 144
5 10 145
5 19 158
5 44 155
5 51 161
5 83 148
5 87 160
5 88 162
5 97 165
5 103 176
5 158 154
5 171 168
5 182 173
5 190 162
5 213 173
5 229 146
5 239 154
5 243 171
5 260 173
5 276 169
5 288 161
5 317 175
6 12 149
6 81 167
6 119 163
6 131 156
6 132 164
6 152 163
6 167 149
6 215 156
6 217 146
6 218 153
6 237 150
6 254 154
6 267 156
6 276 167
6 283 172
6 303 145
7 69 171
7 82 148
7 103 166
7 109 158
7 132 155
7 144 159
7 172 163
7 182 163
7 184 155
7 223 161
7 229 155
7 246 175
7 268 153
7 278 161
7 290 162
7 302 169
8 6 170
8 16 147
8 19 153
8 33 161
8 57 160
8 62 175
8 75 147
8 88 164
8 93 167
8 114 151
8 142 149
8 146 175
8 157 156
8 177 144
8 197 160
8 198 147
8 226 153
8 231 145
8 232 166
8 273 171
8 286 167
9 2 170
9 11 175
9 21 174
9 72 158
9 76 151
9 103 159
9 128 171
9 131 172
9 135 175
9 160 148
9 168 151
9 176 166
9 179 152
9 184 144
9 196 169
9 261 169
9 316 164
10 15 176
10 23 154
10 33 155
10 36 144
10 58 155
10 59 168
10 88 149
10 91 149
10 100 157
10 121 154
10 122 146
10 125 147
10 142 156
10 194 168
10 210 146
10 214 152
10 226 164
10 247 168
10 248 153
10 299 155
10 308 152
10 312 150
10 316 174
11 1 176
11 16 150
11 28 149
11 36 152
11 40 168
11 57 160
11 93 172
11 117 151
11 129 150
11 142 159
11 173 163
11 218 174
11 231 149
11 232 166
11 235 156
11 255 170
11 261 152
11 285 158
11 301 162
11 307 168
12 22 148
12 35 164
12 57 174
12 61 166
12 63 147
12 80 160
12 101 170
12 104 155
12 169 170
12 175 151
12 177 162
12 185 159
12 196 159
12 204 170
12 231 147
12 260 158
12 279 160
12 288 168
12 301 150
13 0 148
13 4 150
13 23 172
13 40 170
13 47 156
13 69 162
13 86 164
13 89 176
13 104 174
13 106 158
13 137 144
13 170 153
13 178 175
13 185 147
13 189 158
13 197 153
13 217 155
13 221 144
13 237 158
13 238 161
14 23 168
14 25 146
14 41 162
14 58 162
14 80 174
14 94 149
14 96 156
14 102 146
14 139 145
14 178 159
14 200 150
14 264 145
14 303 164
14 305 144
15 0 172
15 34 175
15 68 145
15 86 144
15 106 148
15 124 175
15 194 148
15 195 152
15 210 144
15 235 155
15 300 167
16 3 174
16 26 146
16 37 157
16 44 158
16 54 171
16 59 168
16 74 147
16 80 169
16 95 176
16 101 149
16 151 165
16 201 167
16 206 159
16 207 165
16 215 175
16 235 167
16 247 164
16 249 145
16 276 149
16 277 165
16 286 157
16 298 152
16 299 154
16 305 174
17 19 157
17 54 168
17 56 149
17 68 163
17 88 145
17 91 160
17 97 150
17 109 176
17 206 169
17 285 168
17 289 164
18 23 147
18 66 144
18 72 155
18 83 175
18 116 159
18 163 159
18 185 175
18 190 157
18 191 144
18 203 152
18 215 175
18 254 174
18 278 168
18 281 163
18 283 170
18 292 159
18 294 167
19 32 149
19 43 158
19 65 150
19 68 166
19 122 173
19 131 165
19 137 167
19 154 157
19 159 153
19 173 147
19 210 168
19 220 172
19 250 154
19 282 176
19 288 157
19 298 167
19 304 159
19 311 155
20 1 171
20 3 176
20 12 171
20 19 157
20 45 151
20 67 145
20 81 150
20 130 160
20 194 158
20 199 161
20 212 165
20 225 162
20 246 163
20 253 169
20 268 172
20 270 156
20 281 169
20 285 176
21 10 175
21 26 162
21 29 171
21 78 150
21 103 168
21 140 156
21 154 160
21 210 157
21 245 147
21 253 147
21 281 145
21 284 163
21 288 151
21 290 164
21 298 154
21 300 168
21 315 159
22 33 167
22 47 168
22 69 156
22 98 152
22 176 146
22 177 147
22 195 175
22 222 166
22 239 162
22 244 147
22 246 157
22 258 148
22 307 154
22 312 165
22 314 149
23 0 154
23 14 153
23 35 148
23 53 169
23 62 152
23 71 149
23 80 160
23 114 167
23 150 151
23 171 152
23 177 166
23 193 169
23 229 172
23 240 156
23 282 159
23 294 161
23 299 176
24 4 156
24 12 158
24 56 146
24 60 152
24 66 154
24 73 145
24 89 172
24 101 163
24 194 145
24 204 160
24 217 159
24 226 164
24 227 173
24 247 153
24 249 176
24 261 172
24 268 147
24 304 175
24 311 149
24 314 149
25 7 171
25 12 175
25 26 163
25 59 172
25 167 157
25 185 159
25 190 172
25 207 164
25 212 156
25 213 165
25 215 157
25 226 151
25 236 174
25 242 170
25 244 153
25 256 148
25 273 170
25 276 152
25 318 166
26 41 154
26 51 152
26 61 171
26 69 162
26 89 155
26 104 145
26 125 168
26 128 146
26 132 172
26 150 147
26 176 156
26 185 160
26 192 173
26 205 176
26 237 166
26 239 161
26 266 171
26 313 151
27 6 165
27 9 175
27 21 146
27 55 169
27 65 154
27 68 168
27 113 146
27 168 159
27 170 176
27 183 173
27 212 173
27 227 175
27 253 163
27 280 166
27 302 165
27 305 144
27 307 158
27 310 173
28 13 153
28 20 165
28 74 173
28 90 145
28 127 157
28 188 153
28 209 161
28 235 144
28 238 150
28 243 158
28 258 150
28 260 173
28 261 156
28 267 158
29 65 154
29 73 175
29 74 157
29 76 168
29 95 169
29 136 153
29 138 159
29 140 151
29 149 163
29 164 151
29 167 175
29 172 162
29 183 170
29 233 162
29 267 168
29 273 150
29 277 145
29 294 158
29 310 173
30 4 173
30 14 164
30 17 155
30 37 162
30 46 166
30 87 163
30 107 164
30 109 158
30 112 168
30 122 167
30 126 176
30 144 147
30 166 164
30 209 170
30 241 175
30 269 165
30 284 172
31 2 168
31 19 150
31 28 173
31 46 155
31 52 167
31 62 154
31 77 159
31 78 167
31 88 157
31 95 163
31 111 151
31 122 157
31 135 174
31 179 159
31 180 172
31 189 150
31 202 159
31 278 154
31 279 145
31 280 170
31 289 154
31 307 155
32 3 167
32 62 173
32 67 154
32 68 146
32 156 156
32 206 172
32 208 169
32 230 159
32 246 149
32 266 149
32 305 154
33 43 164
33 94 165
33 96 145
33 120 153
33 125 144
33 134 172
33 162 160
33 176 158
33 178 150
33 208 154
33 260 169
33 302 148
33 303 149
34 7 149
34 31 153
34 36 174
34 54 159
34 71 167
34 72 153
34 130 159
34 149 146
34 163 165
34 172 165
34 176 175
34 190 173
34 206 172
34 219 145
34 239 155
34 309 174
35 88 159
35 95 151
35 99 171
35 100 167
35 107 152
35 123 169
35 128 158
35 137 170
35 159 148
35 173 176
35 182 149
35 187 169
35 220 163
35 313 165
36 2 144
36 12 152
36 39 146
36 49 165
36 69 162
36 103 148
36 152 161
36 171 152
36 230 157
36 234 146
36 254 167
37 67 175
37 94 175
37 95 171
37 103 158
37 104 174
37 115 171
37 121 152
37 139 156
37 159 164
37 181 151
37 198 154
37 266 166
37 271 150
37 281 163
37 287 158
37 289 169
37 318 149
38 12 154
38 33 160
38 43 163
38 54 146
38 72 152
38 77 171
38 86 167
38 113 165
38 158 171
38 169 159
38 196 169
38 217 146
38 264 160
38 299 170
38 301 174
39 5 169
39 29 150
39 53 149
39 98 167
39 118 149
39 129 163
39 139 160
39 151 166
39 177 161
39 195 174
39 201 170
39 290 155
39 301 151
39 310 174
39 311 150
40 4 170
40 30 156
40 97 149
40 98 147
40 103 154
40 121 166
40 146 163
40 147 164
40 152 145
40 158 171
40 163 145
40 236 145
40 243 154
40 253 165
40 261 164
40 304 147
40 305 169
41 1 165
41 52 176
41 61 153
41 72 152
41 142 175
41 192 165
41 195 146
41 206 168
41 223 172
41 230 149
41 261 175
41 268 164
41 309 176
42 15 162
42 30 159
42 38 147
42 46 160
42 73 146
42 89 170
42 108 161
42 153 147
42 164 157
42 207 149
42 221 158
42 260 155
42 273 150
42 287 170
42 290 153
42 316 173
43 21 174
43 31 167
43 89 151
43 125 144
43 132 164
43 142 144
43 181 147
43 191 146
43 218 175
43 249 164
43 260 145
43 266 146
43 307 175
44 2 158
44 6 166
44 30 146
44 33 175
44 59 156
44 62 173
44 71 154
44 77 169
44 104 176
44 108 156
44 110 175
44 111 162
44 126 157
44 148 176
44 182 165
44 183 160
44 200 159
44 228 149
44 244 176
44 261 153
44 262 168
44 269 171
44 288 173
44 299 169
44 317 153
45 1 167
45 21 153
45 25 176
45 26 144
45 38 157
45 59 174
45 80 151
45 82 160
45 128 167
45 131 152
45 184 173
45 197 149
45 267 147
46 6 148
46 19 161
46 39 156
46 88 149
46 105 144
46 109 153
46 110 160
46 149 150
46 156 150
46 169 152
46 176 167
46 205 175
46 261 149
46 275 144
46 282 152
46 307 153
47 26 150
47 33 164
47 38 148
47 44 160
47 100 153
47 104 152
47 197 166
47 201 167
47 224 162
47 262 152
47 275 171
47 282 161
47 297 161
48 3 158
48 10 171
48 33 152
48 49 159
48 64 168
48 81 175
48 98 151
48 109 157
48 212 165
48 238 150
48 264 145
48 277 172
49 18 153
49 22 146
49 69 160
49 90 174
49 102 148
49 111 159
49 141 165
49 154 169
49 159 149
49 160 163
49 182 157
49 192 166
49 203 175
49 229 168
49 272 157
49 279 170
49 282 160
49 287 144
49 304 157
50 9 155
50 34 152
50 35 167
50 36 171
50 37 163
50 54 176
50 75 162
50 84 164
50 109 172
50 123 169
50 134 145
50 139 176
50 151 157
50 172 169
50 176 169
50 240 150
50 269 146
50 303 170
50 312 176
51 63 161
51 70 155
51 154 174
51 156 153
51 168 156
51 186 169
51 193 157
51 210 159
51 216 144
51 218 161
52 1 147
52 73 158
52 96 144
52 116 154
52 135 163
52 178 169
52 195 158
52 210 175
52 224 171
52 237 160
52 262 162
52 286 164
52 293 147
53 3 158
53 4 146
53 19 147
53 41 170
53 105 152
53 113 174
53 116 164
53 121 173
53 133 150
53 136 173
53 138 157
53 177 169
53 181 164
53 199 155
53 203 165
53 217 154
53 226 166
53 259 161
53 290 170
54 9 155
54 17 175
54 29 150
54 70 174
54 83 147
54 102 173
54 152 165
54 157 173
54 167 150
54 176 174
54 188 162
54 244 168
54 254 168
54 284 174
54 290 146
54 297 150
55 29 161
55 36 161
55 54 161
55 113 166
55 141 174
55 145 171
55 148 173
55 161 160
55 184 165
55 190 144
55 212 151
55 214 159
55 225 150
55 256 154
55 266 168
55 277 160
55 305 157
55 309 156
55 315 154
56 12 153
56 18 155
56 27 144
56 58 148
56 65 150
56 89 149
56 92 168
56 94 152
56 111 144
56 129 152
56 175 145
56 192 159
56 239 175
56 240 150
56 260 168
56 266 149
56 295 169
56 307 154
57 125 151
57 126 152
57 159 171
57 162 175
57 172 157
57 178 152
57 191 158
57 193 172
57 198 162
57 212 176
57 227 173
57 248 173
57 250 158
57 267 167
57 290 174
58 28 166
58 56 167
58 61 174
58 86 151
58 100 149
58 105 155
58 112 162
58 125 162
58 130 173
58 147 145
58 157 175
58 159 158
58 178 156
58 183 149
58 202 155
58 241 162
58 253 176
58 309 150
58 313 159
59 4 174
59 31 176
59 48 173
59 52 175
59 64 147
59 109 166
59 111 171
59 126 148
59 136 176
59 148 154
59 158 152
59 166 174
59 173 172
59 178 149
59 180 149
59 199 161
59 228 150
59 230 172
59 233 162
59 317 164
60 12 156
60 43 149
60 46 174
60 58 157
60 71 149
60 75 155
60 135 165
60 155 173
60 160 166
60 164 149
60 178 174
60 191 171
60 206 149
60 216 145
60 224 175
60 242 172
60 246 157
60 260 145
60 284 147
60 307 152
61 40 169
61 42 168
61 103 152
61 115 164
61 126 156
61 165 149
61 171 153
61 183 144
61 199 162
61 228 167
61 238 167
61 245 147
61 288 171
61 295 162
61 307 157
61 309 172
62 3 156
62 4 174
62 11 162
62 15 172
62 41 146
62 45 154
62 59 144
62 87 152
62 104 150
62 107 160
62 127 145
62 135 146
62 139 164
62 170 147
62 175 152
62 199 175
62 201 176
62 247 161
62 248 174
62 258 161
62 262 149
62 280 159
62 294 166
63 3 163
63 20 159
63 25 173
63 30 169
63 49 169
63 77 158
63 116 153
63 127 146
63 134 149
63 140 155
63 149 169
63 174 160
63 186 147
63 241 175
63 251 160
63 269 151
63 293 173
63 301 176
63 306 150
64 9 169
64 41 163
64 48 144
64 59 161
64 68 166
64 70 161
64 118 146
64 141 153
64 148 144
64 159 146
64 204 160
64 208 148
64 224 148
64 241 167
64 244 174
64 261 147
64 279 170
64 296 172
65 41 144
65 43 149
65 57 172
65 100 147
65 102 154
65 198 149
65 222 169
66 14 175
66 15 146
66 36 158
66 55 162
66 57 149
66 58 163
66 101 166
66 152 161
66 217 160
66 220 165
66 222 169
66 230 150
66 258 168
66 291 151
66 293 148
66 304 163
67 3 172
67 16 150
67 30 173
67 40 154
67 42 167
67 47 161
67 76 153
67 87 145
67 92 168
67 96 162
67 107 169
67 119 145
67 147 145
67 157 159
67 170 159
67 222 155
67 248 166
67 261 174
67 291 153
67 318 144
68 9 170
68 26 169
68 31 150
68 64 172
68 72 152
68 107 167
68 143 159
68 155 157
68 158 155
68 175 159
68 181 157
68 185 159
68 186 167
68 194 153
68 205 166
68 222 173
68 237 164
68 264 151
68 266 176
68 290 176
68 302 166
68 303 148
68 308 172
69 9 170
69 13 163
69 28 167
69 31 160
69 80 152
69 88 161
69 135 164
69 137 149
69 143 164
69 151 174
69 233 153
69 238 154
69 262 144
69 270 144
69 286 144
69 288 163
69 307 155
70 67 150
70 71 159
70 75 146
70 96 144
70 133 144
70 179 156
70 239 159
70 242 150
70 261 157
70 267 166
70 279 156
70 312 166
70 313 162
70 316 156
71 30 164
71 41 173
71 52 168
71 55 164
71 60 176
71 70 154
71 86 162
71 110 169
71 126 147
71 131 175
71 132 164
71 134 157
71 144 175
71 167 170
71 168 156
71 209 145
71 210 160
71 214 158
71 258 174
72 4 150
72 43 151
72 55 148
72 71 144
72 102 149
72 104 154
72 109 146
72 124 150
72 141 172
72 177 147
72 178 175
72 188 152
72 210 163
72 242 151
72 292 159
72 296 161
72 301 162
73 26 161
73 61 165
73 72 172
73 78 149
73 89 159
73 109 162
73 151 176
73 183 173
73 217 164
73 249 176
73 260 161
73 281 149
73 307 175
74 17 148
74 22 173
74 35 144
74 39 167
74 43 159
74 63 155
74 102 173
74 103 149
74 110 166
74 113 158
74 116 169
74 117 158
74 119 163
74 152 163
74 168 165
74 170 153
74 197 148
74 228 156
74 230 145
74 233 159
74 238 150
74 266 152
74 274 159
75 19 153
75 33 144
75 41 162
75 42 145
75 76 144
75 81 167
75 126 153
75 142 174
75 154 173
75 163 152
75 171 167
75 184 146
75 188 164
75 200 167
75 228 156
75 266 174
75 303 162
76 40 146
76 50 164
76 71 150
76 155 164
76 204 160
76 217 155
76 242 154
76 262 163
76 276 170
76 309 145
77 6 169
77 16 155
77 29 152
77 31 159
77 58 163
77 95 162
77 105 158
77 110 149
77 141 170
77 177 149
77 208 164
77 256 164
77 269 147
77 298 161
77 301 166
77 319 173
78 24 150
78 76 155
78 101 162
78 121 162
78 128 155
78 146 163
78 173 164
78 179 175
78 192 144
78 244 146
78 256 145
78 268 157
78 279 161
78 283 152
78 299 154
79 17 154
79 51 173
79 84 167
79 115 153
79 131 176
79 138 147
79 142 174
79 155 163
79 185 147
79 194 173
79 247 169
79 267 166
79 271 159
79 275 171
79 281 160
79 283 150
79 300 176
79 310 175
80 2 158
80 4 151
80 16 151
80 99 158
80 135 176
80 150 175
80 166 150
80 170 162
80 203 157
80 210 163
80 211 152
80 274 158
80 317 172
81 74 153
81 83 167
81 96 152
81 113 146
81 123 173
81 134 161
81 189 154
81 190 146
81 206 167
81 225 167
81 252 171
81 256 151
81 261 171
82 4 165
82 5 174
82 42 156
82 60 157
82 91 148
82 94 144
82 128 159
82 177 163
82 206 151
82 226 145
82 247 176
83 2 164
83 20 155
83 55 168
83 71 150
83 74 156
83 106 164
83 135 145
83 144 172
83 148 154
83 189 176
83 193 148
83 285 152
83 294 174
84 15 159
84 67 149
84 93 149
84 123 169
84 143 167
84 154 157
84 158 169
84 178 164
84 186 162
84 202 144
84 210 163
84 212 159
84 233 155
84 243 168
84 272 158
84 280 164
84 288 174
84 292 168
84 297 158
84 301 161
84 307 163
85 23 151
85 39 171
85 63 158
85 69 148
85 104 174
85 135 163
85 161 155
85 174 160
85 200 156
85 259 170
85 270 169
85 293 175
85 306 173
86 13 166
86 39 164
86 51 175
86 54 158
86 60 174
86 64 159
86 95 167
86 96 171
86 101 167
86 145 158
86 146 172
86 172 161
86 264 158
86 286 145
86 304 153
87 4 155
87 55 158
87 59 146
87 72 170
87 117 154
87 125 157
87 135 175
87 136 157
87 148 156
87 153 168
87 166 162
87 191 146
87 195 164
87 197 167
87 209 149
87 219 146
87 222 163
87 292 153
87 303 167
88 26 150
88 36 169
88 37 156
88 38 161
88 43 150
88 47 155
88 49 175
88 55 170
88 66 164
88 75 161
88 85 169
88 94 169
88 106 157
88 115 145
88 149 172
88 169 148
88 219 151
88 225 166
88 241 146
88 253 164
88 266 175
88 284 152
88 313 170
89 25 162
89 39 175
89 53 156
89 86 157
89 129 166
89 183 168
89 196 156
89 201 150
89 212 148
89 298 167
90 16 172
90 18 152
90 23 175
90 26 156
90 71 146
90 87 167
90 117 164
90 122 170
90 192 172
90 217 163
90 246 147
90 259 145
90 260 152
90 279 152
91 84 150
91 105 157
91 108 170
91 110 158
91 120 158
91 202 166
91 216 144
91 232 155
91 235 164
91 248 157
91 262 169
91 280 152
91 303 164
91 309 165
92 80 147
92 108 147
92 151 175
92 175 166
92 180 145
92 262 174
92 274 172
93 13 160
93 25 157
93 51 147
93 65 163
93 80 171
93 111 158
93 122 151
93 158 154
93 174 155
93 202 145
93 204 155
93 205 171
93 224 161
93 231 153
93 266 146
93 303 157
93 318 159
94 34 155
94 54 173
94 57 174
94 67 147
94 92 166
94 105 147
94 121 172
94 125 158
94 126 172
94 134 144
94 181 166
94 183 168
94 186 173
94 208 160
94 227 144
94 235 173
94 242 155
94 253 157
94 266 148
94 276 171
94 286 145
94 301 162
95 1 154
95 12 167
95 13 144
95 129 171
95 187 173
95 219 175
95 220 160
95 238 173
95 317 156
96 46 173
96 49 164
96 78 148
96 81 155
96 134 151
96 147 158
96 151 166
96 175 170
96 177 155
96 200 161
96 216 149
96 257 149
96 273 176
97 5 159
97 48 149
97 66 144
97 72 153
97 90 147
97 128 151
97 140 175
97 148 159
97 158 160
97 190 172
97 210 163
97 219 150
97 223 145
97 244 176
97 270 162
97 275 165
97 282 163
98 33 152
98 50 171
98 59 147
98 74 156
98 86 168
98 97 151
98 140 144
98 144 146
98 161 149
98 182 172
98 196 165
98 203 171
98 207 144
98 224 153
98 243 153
98 250 145
98 273 148
98 315 170
98 316 155
98 317 172
99 51 169
99 74 158
99 91 163
99 170 151
99 182 175
99 231 165
99 243 176
99 269 144
99 286 172
99 288 176
99 310 144
99 312 156
100 6 163
100 10 171
100 12 173
100 20 162
100 25 152
100 26 168
100 62 144
100 64 157
100 119 157
100 140 168
100 141 168
100 147 157
100 168 166
100 173 174
100 220 148
100 243 145
100 247 146
100 315 151
101 3 151
101 9 166
101 20 146
101 46 163
101 68 150
101 88 150
101 100 156
101 139 165
101 144 164
101 237 145
101 278 156
101 291 173
101 304 146
101 310 145
102 1 156
102 13 145
102 25 171
102 27 176
102 29 149
102 52 167
102 72 146
102 135 175
102 140 149
102 141 172
102 156 154
102 160 151
102 176 146
102 190 163
102 208 146
102 211 172
102 222 173
102 275 155
102 293 152
102 294 145
103 0 153
103 12 154
103 23 159
103 28 167
103 33 168
103 52 153
103 90 163
103 113 163
103 144 175
103 147 158
103 155 157
103 167 168
103 203 151
103 236 164
103 244 152
103 254 169
103 282 165
104 15 161
104 72 165
104 75 158
104 88 148
104 114 157
104 126 158
104 137 171
104 140 147
104 200 163
104 236 150
104 257 157
104 270 147
104 316 160
105 28 176
105 30 160
105 38 153
105 40 171
105 79 166
105 141 168
105 182 160
105 201 145
105 228 176
105 235 154
105 250 153
105 274 149
105 291 152
105 312 146
106 3 176
106 4 154
106 20 165
106 29 164
106 31 159
106 47 165
106 63 155
106 74 157
106 114 176
106 182 166
106 185 165
106 191 144
106 216 157
106 245 176
106 248 173
106 254 146
106 263 151
106 304 148
107 0 148
107 7 176
107 84 151
107 88 165
107 91 152
107 105 155
107 126 149
107 137 159
107 168 147
107 197 147
107 238 151
107 252 153
107 253 145
107 260 163
107 267 145
107 296 146
107 304 154
108 2 151
108 36 175
108 56 153
108 61 168
108 64 147
108 87 152
108 89 168
108 111 149
108 112 144
108 156 170
108 177 165
108 179 149
108 187 167
108 211 173
108 239 155
108 255 176
108 264 158
108 268 151
109 45 163
109 51 167
109 60 173
109 103 176
109 105 144
109 107 164
109 137 171
109 146 175
109 163 167
109 164 169
109 182 159
109 199 151
109 212 172
109 218 150
109 234 176
109 236 161
109 290 149
109 294 159
110 10 173
110 26 148
110 66 147
110 94 175
110 104 163
110 108 172
110 127 158
110 143 154
110 165 146
110 168 156
110 181 148
110 196 168
110 214 144
110 264 156
110 290 176
110 291 176
110 314 167
111 5 150
111 8 149
111 32 155
111 37 157
111 45 170
111 54 145
111 55 168
111 63 173
111 65 153
111 84 168
111 132 157
111 138 159
111 186 144
111 201 166
111 218 168
111 222 149
111 267 144
111 292 156
111 293 153
111 307 175
112 30 149
112 33 154
112 39 171
112 42 154
112 43 176
112 115 157
112 130 172
112 151 161
112 169 148
112 173 174
112 183 174
112 186 164
112 228 146
112 273 171
112 303 158
112 305 168
113 3 162
113 48 168
113 65 170
113 89 160
113 125 170
113 128 155
113 141 166
113 161 164
113 168 169
113 193 167
113 239 159
113 250 175
113 275 148
113 311 167
114 8 160
114 28 153
114 48 169
114 55 176
114 74 171
114 79 164
114 89 154
114 91 168
114 96 146
114 131 154
114 160 172
114 166 146
114 168 174
114 211 172
114 247 166
114 256 145
114 268 171
114 279 164
114 280 161
114 294 152
114 296 170
114 312 169
114 316 166
115 11 168
115 33 158
115 54 170
115 66 167
115 71 159
115 103 153
115 105 151
115 119 172
115 124 151
115 131 169
115 132 173
115 168 160
115 207 168
115 226 176
115 235 169
115 253 153
115 272 169
115 304 169
115 306 174
115 310 170
115 319 167
116 14 156
116 64 148
116 132 170
116 136 163
116 144 144
116 164 176
116 274 150
116 293 148
116 295 170
116 318 175
117 5 168
117 6 160
117 13 156
117 19 164
117 28 160
117 38 160
117 53 176
117 59 173
117 64 150
117 75 174
117 87 153
117 108 164
117 109 149
117 133 162
117 189 145
117 205 176
117 208 175
117 212 162
117 228 163
118 1 172
118 36 165
118 60 155
118 64 151
118 90 171
118 99 175
118 107 158
118 113 175
118 136 150
118 140 159
118 158 168
118 187 175
118 201 174
118 231 144
118 255 164
118 304 172
119 26 164
119 28 148
119 34 150
119 43 174
119 65 146
119 80 164
119 126 152
119 133 171
119 163 168
119 169 162
119 182 167
119 195 169
119 197 164
119 206 145
119 208 148
119 248 171
119 268 151
119 269 170
119 271 148
119 274 158
119 300 168
119 309 173
120 19 170
120 27 174
120 44 158
120 49 149
120 69 174
120 77 146
120 79 155
120 88 170
120 92 167
120 100 155
120 163 170
120 209 148
120 211 146
120 222 159
120 252 173
120 264 176
120 272 147
121 29 156
121 72 153
121 78 161
121 83 173
121 103 153
121 175 144
121 222 157
121 233 170
122 27 169
122 39 167
122 71 163
122 84 146
122 87 156
122 90 158
122 100 144
122 108 160
122 119 144
122 121 168
122 128 174
122 133 150
122 162 148
122 193 164
122 195 156
122 199 165
122 220 173
122 231 174
122 248 161
122 254 171
122 287 169
122 308 176
123 59 148
123 119 153
123 167 152
123 169 158
123 171 170
123 172 154
123 178 161
123 289 169
123 294 150
123 301 148
123 305 169
124 15 173
124 23 166
124 39 144
124 75 175
124 97 145
124 98 166
124 138 164
124 141 145
124 154 148
124 165 156
124 184 169
124 205 154
124 228 148
124 229 151
124 259 159
124 260 150
125 44 152
125 59 169
125 74 152
125 114 166
125 132 152
125 166 148
125 227 156
125 234 153
125 237 156
125 238 164
125 270 175
125 287 149
125 308 154
126 0 154
126 9 150
126 11 171
126 55 145
126 94 159
126 101 170
126 154 169
126 172 149
126 202 157
126 203 147
126 256 148
126 264 155
126 271 156
126 279 152
126 297 155
127 9 163
127 18 174
127 42 162
127 51 164
127 70 169
127 107 155
127 136 154
127 223 145
127 228 154
127 235 162
127 273 165
127 275 153
127 295 158
128 12 155
128 19 161
128 22 171
128 27 144
128 37 165
128 45 167
128 103 170
128 109 164
128 125 145
128 167 166
128 189 159
128 210 150
128 231 170
128 236 156
128 237 165
128 238 157
128 270 152
128 287 154
128 309 147
128 314 155
128 315 162
129 5 151
129 6 162
129 17 160
129 28 145
129 53 147
129 66 148
129 71 152
129 117 159
129 118 175
129 120 170
129 147 149
129 161 145
129 171 156
129 182 173
129 193 171
129 225 171
129 231 172
129 232 161
129 234 144
129 270 157
129 283 144
129 295 156
129 296 173
130 1 172
130 21 155
130 30 150
130 54 171
130 76 169
130 99 165
130 145 161
130 182 167
130 187 150
130 225 173
130 236 157
130 240 150
130 257 171
130 299 151
131 4 146
131 8 148
131 9 176
131 43 154
131 48 173
131 50 169
131 56 163
131 68 159
131 81 147
131 108 155
131 109 176
131 156 159
131 182 165
131 187 145
131 296 151
131 308 156
132 6 170
132 28 150
132 42 162
132 59 165
132 124 152
132 125 150
132 158 176
132 159 151
132 209 171
132 211 161
132 236 151
132 271 176
132 305 151
132 315 162
133 56 151
133 82 163
133 86 144
133 88 151
133 104 162
133 152 173
133 180 145
133 191 153
133 197 149
133 204 167
133 214 176
133 235 163
133 238 167
133 243 149
133 248 167
133 252 156
133 271 176
133 273 148
133 281 164
133 292 162
134 13 168
134 16 166
134 35 168
134 71 163
134 77 146
134 79 170
134 95 161
134 100 156
134 111 175
134 112 161
134 145 146
134 158 150
134 181 168
134 204 167
134 250 155
134 288 173
134 289 151
134 306 144
135 16 150
135 29 158
135 53 172
135 54 152
135 58 169
135 107 170
135 122 166
135 128 174
135 143 170
135 147 152
135 178 145
135 192 157
135 226 166
135 248 169
135 249 169
135 256 163
135 273 163
135 301 170
135 313 172
136 3 160
136 8 146
136 24 147
136 47 174
136 77 148
136 81 156
136 86 149
136 101 175
136 118 176
136 160 147
136 166 166
136 221 153
136 252 151
136 271 170
136 309 144
137 22 158
137 24 152
137 66 165
137 71 149
137 73 151
137 78 165
137 83 150
137 120 153
137 132 144
137 140 144
137 164 147
137 176 157
137 191 173
137 197 172
137 205 144
137 210 145
137 249 153
138 12 173
138 30 160
138 53 163
138 59 173
138 106 158
138 112 145
138 150 157
138 163 155
138 208 160
138 211 176
138 219 165
138 240 161
138 248 145
138 264 165
138 314 151
139 6 158
139 7 154
139 23 162
139 47 167
139 95 171
139 97 168
139 101 153
139 127 160
139 145 172
139 166 161
139 167 169
139 172 173
139 208 160
139 219 151
139 224 153
139 283 165
140 8 162
140 16 150
140 37 146
140 52 150
140 72 145
140 81 153
140 97 148
140 100 150
140 103 166
140 123 166
140 132 172
140 184 159
140 247 165
140 278 163
141 78 172
141 100 172
141 103 166
141 123 175
141 131 147
141 156 166
141 164 175
141 166 145
141 170 169
141 196 156
141 208 169
141 236 149
141 299 164
141 312 171
142 40 163
142 65 171
142 78 170
142 135 169
142 153 157
142 159 160
142 163 147
142 173 175
142 195 170
142 233 160
142 238 172
142 244 166
142 246 159
142 271 166
142 310 159
143 2 175
143 8 159
143 18 165
143 45 166
143 48 145
143 68 176
143 107 162
143 112 176
143 123 146
143 153 162
143 268 166
143 274 156
143 294 147
144 21 174
144 54 145
144 63 169
144 78 153
144 84 175
144 113 169
144 116 165
144 122 162
144 151 148
144 157 146
144 159 151
144 163 175
144 188 156
144 209 157
144 238 150
144 248 173
144 265 161
144 292 169
144 306 146
144 314 174
145 16 152
145 64 150
145 83 153
145 84 155
145 102 162
145 148 154
145 165 163
145 169 165
145 185 153
145 213 161
145 237 152
145 262 173
145 303 160
145 305 157
146 2 172
146 44 157
146 60 158
146 63 153
146 78 149
146 93 149
146 105 144
146 110 149
146 118 145
146 193 164
146 196 173
146 203 173
146 254 156
146 285 171
146 303 172
147 1 166
147 19 160
147 25 149
147 54 148
147 58 144
147 63 144
147 69 148
147 88 157
147 95 159
147 126 167
147 151 159
147 154 151
147 159 154
147 169 157
147 173 173
147 174 157
147 182 155
147 234 170
147 236 170
147 257 174
147 259 157
147 283 156
147 296 145
147 299 154
147 315 160
148 17 168
148 20 161
148 24 161
148 26 145
148 53 149
148 68 176
148 80 167
148 87 170
148 163 176
148 212 164
148 246 176
148 247 151
148 276 151
148 278 165
148 292 157
148 317 156
149 24 156
149 25 171
149 32 160
149 53 153
149 60 151
149 77 144
149 104 150
149 153 144
149 214 171
149 235 153
149 265 161
149 274 164
149 284 160
149 286 149
149 287 151
149 289 165
150 53 153
150 57 172
150 60 165
150 101 163
150 115 145
150 134 161
150 172 146
150 179 153
150 191 145
150 219 153
150 222 169
150 228 152
150 233 152
150 253 149
150 254 145
150 260 149
150 285 157
150 314 155
151 17 145
151 33 155
151 41 148
151 51 168
151 72 171
151 115 160
151 117 145
151 128 170
151 138 167
151 175 156
151 221 148
151 228 174
151 241 148
151 250 149
151 302 151
151 306 148
152 8 149
152 14 163
152 19 165
152 53 163
152 91 146
152 110 155
152 127 159
152 181 172
152 190 148
152 195 169
152 209 165
152 226 167
152 238 171
152 246 173
152 313 147
153 12 163
153 61 153
153 62 164
153 68 150
153 70 148
153 81 166
153 88 157
153 96 155
153 101 162
153 102 158
153 123 167
153 124 167
153 166 174
153 171 156
153 226 158
153 229 167
153 232 157
153 263 167
153 286 164
153 315 149
153 316 159
154 24 171
154 37 165
154 57 162
154 60 151
154 126 165
154 137 166
154 185 158
154 187 144
154 212 166
154 214 150
154 221 154
154 235 155
154 247 175
154 260 162
154 305 173
155 2 163
155 5 147
155 51 170
155 55 168
155 76 155
155 189 160
155 190 173
155 203 152
155 231 158
155 242 176
155 257 156
155 266 163
155 273 146
155 293 176
156 11 144
156 30 156
156 58 150
156 124 169
156 167 161
156 179 159
156 211 159
156 226 145
156 238 146
156 259 169
156 287 176
156 291 155
156 301 160
156 303 170
157 18 173
157 33 160
157 40 166
157 49 152
157 51 176
157 61 160
157 75 163
157 120 173
157 121 159
157 139 160
157 192 173
157 224 146
157 267 175
158 16 175
158 31 156
158 34 151
158 40 170
158 45 152
158 62 157
158 69 154
158 73 157
158 74 147
158 99 155
158 126 171
158 127 157
158 141 153
158 179 157
158 185 149
158 223 170
158 228 173
158 250 153
158 284 158
159 10 163
159 11 174
159 29 158
159 61 169
159 104 172
159 140 149
159 212 150
159 223 171
159 241 169
159 267 172
159 286 154
159 304 152
159 319 145
160 16 164
160 27 145
160 30 161
160 104 171
160 131 149
160 132 167
160 146 176
160 153 176
160 156 152
160 158 144
160 188 170
160 211 155
160 216 161
160 227 170
160 241 165
160 245 158
160 248 159
160 259 156
160 268 146
160 271 171
161 27 159
161 42 144
161 51 174
161 54 164
161 65 163
161 89 149
161 90 154
161 114 172
161 122 160
161 147 172
161 210 172
161 232 171
161 264 171
161 277 146
161 289 154
162 9 176
162 19 166
162 62 172
162 80 151
162 83 154
162 100 147
162 128 172
162 129 156
162 134 172
162 146 170
162 152 153
162 171 144
162 196 144
162 215 144
162 243 159
162 281 162
162 285 149
162 287 157
162 299 153
162 300 167
162 306 157
163 1 151
163 15 157
163 20 152
163 65 167
163 111 144
163 138 165
163 146 160
163 152 161
163 219 159
163 242 155
163 247 164
164 4 175
164 11 171
164 27 166
164 32 173
164 51 161
164 71 146
164 106 153
164 116 149
164 147 146
164 167 176
164 216 162
164 219 161
164 225 159
164 301 162
164 309 167
165 28 176
165 59 148
165 77 163
165 187 159
165 197 176
165 199 163
165 204 158
165 249 145
165 260 152
165 273 162
165 285 174
165 291 167
165 311 151
166 18 159
166 41 152
166 46 146
166 49 176
166 113 152
166 116 171
166 125 147
166 132 145
166 156 146
166 175 175
166 178 151
166 225 164
166 238 158
166 300 168
167 1 170
167 8 168
167 66 165
167 119 167
167 155 160
167 169 175
167 207 165
167 210 153
167 227 163
167 230 146
167 260 165
167 272 160
167 285 175
167 310 170
168 59 162
168 63 167
168 90 157
168 98 154
168 120 166
168 189 146
168 214 170
168 229 176
168 263 153
168 280 150
168 287 174
168 297 146
168 301 167
168 307 144
168 316 157
169 36 168
169 48 149
169 55 172
169 56 149
169 85 155
169 128 167
169 149 152
169 163 166
169 171 174
169 205 152
169 213 154
169 227 151
169 239 145
169 246 165
169 296 164
169 297 160
170 23 160
170 43 155
170 47 173
170 49 173
170 68 168
170 77 154
170 100 144
170 118 147
170 134 169
170 141 154
170 211 175
170 218 150
170 228 168
170 236 148
170 272 157
170 302 149
170 303 149
171 54 150
171 91 150
171 120 156
171 127 162
171 136 176
171 145 158
171 185 146
171 193 152
171 198 165
171 205 156
171 236 176
171 243 176
171 272 164
171 305 146
172 28 152
172 47 163
172 50 152
172 71 148
172 74 147
172 92 152
172 122 165
172 138 160
172 163 150
172 169 172
172 189 176
172 194 176
172 212 167
172 217 156
172 218 168
172 230 175
172 244 148
172 250 159
172 299 169
172 304 154
172 318 152
173 21 165
173 31 145
173 35 148
173 39 148
173 70 161
173 102 157
173 119 153
173 124 146
173 136 150
173 141 153
173 154 163
173 177 145
173 196 149
173 223 158
173 228 145
173 261 174
173 280 162
173 312 174
174 13 153
174 17 147
174 43 150
174 51 161
174 66 156
174 98 153
174 104 147
174 110 175
174 130 174
174 149 149
174 150 147
174 231 163
175 21 164
175 28 154
175 56 154
175 83 167
175 86 168
175 92 172
175 102 148
175 148 153
175 246 172
176 2 158
176 34 147
176 40 147
176 44 162
176 59 154
176 89 153
176 130 153
176 152 175
176 215 168
176 216 153
176 219 168
176 236 173
176 273 160
176 316 165
177 3 150
177 19 155
177 71 175
177 75 145
177 76 164
177 85 168
177 87 153
177 89 146
177 101 172
177 113 176
177 164 174
177 191 145
177 250 168
177 252 153
177 273 166
177 294 149
177 311 165
178 60 158
178 76 150
178 80 175
178 106 161
178 122 160
178 128 153
178 131 175
178 145 167
178 148 166
178 177 158
178 261 170
178 263 151
178 301 147
179 48 176
179 54 168
179 58 158
179 66 151
179 76 175
179 87 156
179 111 148
179 124 151
179 135 153
179 154 147
179 160 155
179 178 176
179 212 151
179 221 153
179 222 170
179 223 145
179 253 174
179 272 153
180 54 148
180 88 171
180 102 173
180 105 164
180 130 175
180 162 173
180 165 169
180 173 168
180 181 166
180 200 173
180 242 163
180 261 152
180 267 152
180 303 157
180 317 160
181 5 164
181 104 163
181 147 167
181 167 175
181 171 169
181 180 148
181 256 153
181 267 144
181 277 171
181 308 149
182 37 151
182 77 148
182 94 168
182 103 153
182 113 158
182 167 151
182 210 176
182 228 156
182 229 160
182 232 173
182 247 146
182 250 155
182 258 160
182 265 148
182 274 149
182 314 154
182 319 168
183 7 166
183 224 159
183 239 167
183 251 148
183 301 175
183 311 166
183 312 146
184 0 172
184 6 165
184 26 176
184 28 155
184 32 160
184 171 159
184 176 147
184 188 166
184 196 161
184 217 167
184 233 160
184 289 159
185 31 174
185 46 158
185 85 161
185 115 153
185 133 160
185 136 159
185 158 151
185 172 153
185 187 152
185 189 147
185 193 174
185 209 150
185 211 160
185 225 175
185 236 145
185 252 154
185 274 172
185 304 170
185 319 167
186 56 166
186 64 158
186 149 168
186 156 146
186 171 165
186 181 165
186 197 161
186 202 167
186 211 144
186 213 145
186 236 151
186 262 146
186 270 156
186 303 154
187 77 159
187 88 160
187 89 170
187 99 168
187 123 171
187 141 155
187 210 175
187 259 162
187 261 157
187 266 163
187 301 157
187 314 152
187 317 146
188 17 174
188 49 148
188 81 175
188 99 156
188 145 147
188 175 158
188 187 145
188 212 147
188 218 175
188 245 150
188 264 165
188 282 160
188 316 164
189 29 167
189 71 168
189 80 160
189 84 170
189 86 163
189 102 157
189 106 169
189 109 146
189 121 170
189 144 152
189 187 169
189 219 167
189 232 170
189 239 169
189 264 146
189 283 160
189 308 167
190 6 174
190 27 167
190 31 146
190 37 171
190 54 173
190 98 156
190 134 150
190 166 165
190 178 159
190 184 149
190 187 153
190 193 152
190 196 145
190 261 166
190 277 150
190 281 158
190 285 171
190 297 151
190 306 171
191 10 171
191 56 173
191 59 155
191 62 145
191 94 162
191 116 172
191 137 156
191 162 150
191 210 176
191 224 170
191 243 144
191 261 145
191 272 158
192 0 150
192 12 162
192 56 165
192 106 160
192 127 167
192 144 159
192 162 175
192 170 165
192 175 165
192 177 151
192 187 169
192 191 174
192 199 156
192 203 155
192 210 170
192 240 167
192 288 166
192 311 166
192 313 165
193 26 158
193 54 153
193 95 152
193 124 164
193 129 169
193 144 153
193 160 174
193 166 159
193 186 171
193 213 175
193 223 144
193 229 147
193 235 165
193 244 175
193 284 166
193 294 154
194 16 165
194 25 155
194 67 151
194 100 156
194 191 146
194 204 168
194 215 152
194 251 173
194 263 175
194 285 152
194 309 162
195 49 154
195 69 150
195 102 162
195 133 174
195 145 170
195 153 144
195 160 150
195 190 174
195 191 163
195 207 156
195 212 163
195 229 168
195 239 161
195 244 153
195 247 165
195 257 170
195 286 162
195 319 154
196 4 156
196 14 144
196 39 157
196 48 175
196 54 171
196 58 150
196 68 167
196 85 166
196 102 144
196 106 147
196 109 152
196 125 171
196 126 152
196 154 174
196 225 170
196 278 164
196 303 144
196 307 144
197 13 157
197 69 162
197 85 156
197 94 163
197 106 148
197 113 154
197 114 173
197 128 151
197 139 161
197 168 153
197 179 152
197 184 146
197 198 167
197 222 157
197 231 164
197 246 161
197 269 146
197 272 160
197 289 161
197 314 148
198 20 156
198 21 156
198 23 153
198 60 152
198 64 150
198 65 161
198 77 173
198 89 164
198 128 160
198 147 173
198 171 145
198 203 165
198 212 171
198 227 174
198 232 157
198 234 146
198 256 176
198 284 158
198 299 166
199 21 144
199 36 154
199 40 170
199 41 159
199 51 154
199 82 166
199 91 149
199 116 155
199 138 147
199 170 164
199 180 168
199 196 171
199 209 148
199 223 159
199 260 157
199 266 162
199 282 163
199 290 159
199 312 170
200 7 170
200 50 171
200 83 166
200 87 160
200 105 144
200 113 161
200 121 172
200 168 154
200 225 152
200 245 165
200 260 163
200 275 146
200 307 169
200 317 162
201 15 169
201 76 168
201 83 173
201 104 164
201 125 151
201 156 173
201 193 151
201 205 166
201 209 161
201 243 164
201 247 144
201 259 172
201 308 158
201 315 146
202 10 166
202 25 160
202 39 174
202 43 173
202 55 169
202 56 170
202 60 162
202 62 144
202 75 167
202 112 176
202 125 176
202 170 148
202 181 171
202 247 166
202 248 174
202 284 148
202 287 158
203 32 162
203 78 164
203 125 155
203 147 169
203 156 167
203 188 150
203 207 149
203 213 159
203 238 151
203 248 150
203 280 145
203 290 152
203 295 158
203 298 156
204 25 156
204 47 175
204 58 174
204 59 149
204 89 165
204 105 154
204 120 145
204 170 157
204 240 167
204 244 157
204 296 163
205 4 172
205 15 155
205 34 176
205 45 169
205 91 173
205 97 154
205 129 172
205 140 174
205 142 157
205 154 157
205 166 175
205 176 160
205 192 175
205 209 157
205 225 171
205 226 151
205 233 172
205 263 169
205 278 165
205 283 174
205 298 176
205 316 156
205 317 144
206 12 153
206 25 155
206 54 175
206 69 175
206 94 169
206 104 161
206 116 172
206 131 150
206 136 157
206 137 152
206 151 154
206 156 158
206 173 156
206 192 174
206 194 160
206 197 164
206 213 161
206 262 152
206 265 173
206 297 146
207 8 159
207 26 172
207 35 149
207 48 171
207 67 149
207 70 176
207 82 159
207 97 168
207 102 176
207 113 158
207 122 145
207 139 145
207 155 164
207 187 147
207 193 172
207 206 154
207 215 149
207 229 156
207 312 151
208 13 161
208 30 153
208 61 144
208 65 171
208 75 146
208 96 157
208 120 165
208 131 162
208 181 159
208 190 149
208 194 149
208 213 169
208 224 160
208 294 152
208 303 149
209 13 173
209 29 162
209 44 162
209 115 147
209 122 162
209 142 159
209 148 155
209 153 171
209 171 170
209 183 173
209 273 151
209 284 170
209 295 153
209 306 164
209 314 167
210 5 172
210 27 176
210 49 171
210 50 149
210 54 172
210 63 165
210 72 147
210 79 164
210 95 161
210 140 147
210 169 168
210 171 146
210 188 145
210 271 165
210 272 172
210 300 154
210 310 158
211 49 154
211 67 155
211 97 145
211 101 176
211 102 149
211 110 159
211 125 160
211 144 164
211 156 153
211 167 154
211 209 176
211 256 172
211 307 171
211 313 166
212 29 170
212 34 160
212 131 146
212 152 146
212 162 154
212 176 169
212 209 152
212 218 170
212 282 158
212 294 158
212 300 155
212 314 148
213 6 158
213 10 166
213 40 158
213 56 145
213 63 155
213 117 153
213 139 149
213 144 157
213 180 157
213 196 149
213 221 157
213 226 168
213 291 167
213 316 159
214 6 169
214 41 145
214 47 154
214 70 161
214 76 164
214 93 171
214 135 175
214 139 147
214 157 162
214 190 161
214 228 147
214 245 172
214 252 152
214 253 166
214 260 166
214 282 163
214 289 173
214 290 144
215 14 155
215 80 163
215 94 163
215 101 167
215 120 152
215 144 144
215 148 176
215 156 148
215 172 152
215 175 168
215 176 162
215 186 145
215 225 156
215 292 146
216 0 175
216 9 149
216 11 154
216 44 171
216 49 167
216 50 151
216 56 155
216 65 170
216 112 174
216 157 169
216 166 159
216 195 175
216 220 149
216 228 147
216 247 170
216 251 154
216 282 155
216 297 176
217 5 151
217 33 159
217 35 149
217 44 173
217 68 175
217 72 165
217 95 161
217 131 152
217 166 169
217 178 163
217 194 166
217 228 145
217 229 161
217 245 156
218 10 170
218 24 158
218 34 167
218 39 158
218 65 172
218 96 163
218 144 145
218 183 157
218 211 164
218 212 171
218 249 162
218 301 172
218 304 165
219 25 174
219 63 160
219 130 163
219 138 148
219 158 166
219 160 151
219 167 152
219 171 172
219 179 146
219 190 151
219 199 165
219 203 170
219 246 172
219 250 150
219 254 147
219 260 156
219 278 175
219 291 158
219 317 163
220 29 164
220 32 170
220 45 164
220 50 170
220 65 176
220 86 154
220 96 168
220 111 173
220 143 150
220 195 160
220 202 166
220 208 148
220 222 152
220 243 156
221 1 171
221 10 175
221 14 161
221 21 168
221 39 166
221 44 149
221 64 146
221 81 160
221 98 157
221 102 176
221 108 165
221 131 145
221 216 153
221 220 172
221 239 159
221 319 162
222 6 172
222 12 176
222 52 169
222 66 167
222 159 176
222 199 146
222 201 152
222 230 157
222 269 162
222 279 145
222 295 145
222 309 172
223 5 162
223 20 161
223 28 149
223 54 148
223 61 167
223 190 153
223 193 152
223 270 155
224 100 147
224 135 167
224 140 164
224 149 146
224 158 155
224 232 170
224 265 175
224 311 176
224 316 157
225 38 155
225 52 155
225 57 171
225 80 174
225 85 144
225 92 161
225 93 144
225 94 167
225 151 152
225 178 164
225 199 144
225 200 144
225 204 169
225 218 168
225 254 165
225 283 170
225 303 151
225 310 171
226 50 149
226 78 153
226 85 174
226 88 163
226 100 155
226 104 159
226 136 162
226 169 148
226 210 155
226 264 168
227 53 150
227 79 172
227 114 172
227 119 163
227 125 156
227 127 145
227 139 161
227 190 148
227 197 155
227 208 166
227 218 170
227 225 175
227 248 169
227 259 171
227 264 154
227 269 148
228 25 156
228 26 176
228 33 166
228 56 170
228 98 145
228 108 173
228 162 153
228 184 169
228 188 168
228 189 164
228 214 166
228 219 144
228 244 158
228 251 151
228 253 170
228 275 158
228 281 160
228 303 144
228 306 173
228 309 144
228 312 176
228 316 168
229 6 173
229 7 154
229 28 148
229 32 164
229 50 163
229 63 153
229 81 171
229 95 156
229 126 144
229 158 169
229 172 160
229 180 147
229 214 148
229 231 162
229 232 173
229 316 167
229 317 169
230 26 159
230 27 168
230 31 170
230 81 153
230 90 155
230 100 172
230 116 168
230 119 153
230 128 162
230 169 174
230 172 162
230 189 170
230 237 153
230 248 151
230 265 170
230 271 154
230 290 170
230 298 168
230 308 161
231 1 157
231 5 145
231 6 144
231 10 175
231 12 146
231 15 153
231 16 176
231 27 159
231 32 163
231 40 159
231 57 152
231 60 158
231 78 165
231 85 175
231 90 167
231 107 163
231 123 152
231 134 166
231 146 156
231 223 171
231 229 164
231 254 174
231 270 145
231 279 164
231 313 167
232 6 153
232 58 156
232 93 150
232 144 168
232 148 158
232 155 158
232 161 151
232 207 148
232 222 171
232 255 174
232 296 165
232 300 152
233 4 150
233 11 145
233 35 164
233 43 169
233 113 165
233 143 154
233 155 149
233 159 164
233 161 175
233 164 147
233 171 173
233 203 150
233 209 160
233 224 161
233 250 164
233 272 149
234 1 163
234 8 166
234 34 176
234 90 153
234 108 153
234 115 160
234 159 147
234 231 144
234 243 173
234 246 171
234 258 146
234 270 155
234 287 149
234 288 160
234 289 157
235 6 173
235 23 162
235 45 172
235 46 164
235 50 148
235 55 171
235 116 149
235 127 153
235 129 144
235 144 147
235 147 168
235 162 173
235 163 176
235 167 168
235 187 146
235 210 166
235 216 145
235 223 163
235 228 160
235 257 154
235 269 156
235 288 152
235 297 165
235 305 161
236 26 162
236 84 154
236 87 154
236 97 150
236 154 163
236 193 156
236 205 152
236 211 170
236 238 172
236 251 173
236 253 154
236 262 175
236 271 153
236 277 160
236 289 156
236 294 147
236 314 149
237 1 146
237 5 168
237 22 146
237 23 166
237 25 166
237 36 158
237 50 170
237 51 159
237 57 146
237 77 167
237 111 145
237 126 156
237 135 148
237 152 163
237 194 166
237 213 169
237 214 153
237 226 154
237 227 144
237 260 151
237 267 144
237 273 155
237 316 168
238 34 169
238 90 174
238 108 147
238 112 147
238 119 147
238 124 164
238 126 150
238 132 176
238 142 145
238 206 162
238 235 148
238 249 170
238 251 173
238 252 156
238 270 166
238 275 168
239 33 165
239 69 158
239 80 152
239 106 163
239 118 170
239 155 164
239 161 175
239 164 148
239 165 158
239 210 164
239 215 167
239 216 159
239 226 174
239 227 158
239 229 170
239 267 166
239 316 166
240 7 155
240 15 169
240 39 145
240 70 168
240 87 163
240 90 144
240 119 176
240 127 162
240 128 161
240 130 174
240 152 175
240 154 160
240 159 154
240 165 158
240 167 175
240 193 149
240 209 165
240 239 153
240 241 144
240 243 155
240 259 151
240 266 164
240 272 158
240 284 171
240 304 168
240 311 154
241 46 154
241 53 174
241 68 174
241 97 146
241 101 156
241 169 154
241 193 145
241 195 147
241 230 150
241 231 159
241 258 144
241 299 176
241 306 161
241 307 159
241 314 158
242 10 161
242 11 153
242 21 150
242 33 158
242 48 171
242 73 145
242 86 146
242 94 148
242 99 147
242 118 160
242 136 144
242 157 174
242 172 144
242 183 174
242 203 157
242 210 176
242 215 156
242 238 156
242 263 167
242 278 167
243 24 166
243 35 173
243 42 151
243 68 147
243 77 159
243 80 160
243 98 175
243 107 149
243 125 152
243 144 165
243 165 153
243 202 147
243 210 159
243 227 149
243 237 149
243 252 168
243 262 153
243 264 155
243 286 158
243 314 155
244 0 170
244 14 150
244 59 173
244 62 166
244 66 144
244 84 161
244 122 176
244 158 167
244 184 156
244 192 145
244 194 154
244 250 153
244 319 158
245 11 169
245 22 174
245 26 172
245 59 144
245 85 150
245 86 152
245 95 145
245 127 176
245 159 170
245 173 156
245 179 175
245 190 150
245 215 151
245 235 147
245 251 176
245 256 157
245 272 174
245 286 164
245 304 166
246 5 163
246 59 161
246 97 162
246 109 148
246 146 146
246 147 174
246 151 161
246 154 155
246 167 152
246 198 174
246 225 174
246 252 166
246 267 152
246 280 167
246 288 156
246 298 149
247 79 151
247 105 158
247 160 151
247 202 152
247 214 153
247 240 163
247 279 152
247 285 176
248 11 146
248 24 162
248 33 156
248 68 158
248 77 152
248 106 166
248 112 153
248 118 165
248 142 166
248 143 148
248 173 152
248 186 150
248 187 170
248 217 170
248 259 166
248 261 144
248 287 171
248 296 155
249 8 163
249 30 153
249 34 170
249 35 144
249 77 168
249 82 165
249 98 149
249 101 165
249 104 173
249 107 145
249 143 151
249 175 171
249 183 150
249 198 159
249 209 172
249 238 161
249 248 144
249 259 160
249 293 162
249 300 164
250 4 149
250 28 162
250 34 152
250 64 161
250 102 150
250 123 162
250 129 145
250 150 157
250 153 171
250 154 167
250 155 150
250 172 146
250 178 163
250 195 176
250 252 162
250 266 160
251 13 156
251 69 156
251 84 152
251 99 170
251 120 145
251 131 176
251 159 148
251 188 169
251 189 149
251 201 146
251 242 165
251 288 152
251 310 170
252 18 147
252 37 152
252 39 176
252 48 156
252 69 146
252 112 168
252 121 148
252 128 168
252 153 164
252 169 145
252 174 158
252 176 165
252 177 164
252 199 163
252 209 167
252 216 159
252 227 154
252 245 173
252 270 154
252 282 171
253 4 165
253 26 157
253 94 149
253 101 165
253 127 168
253 154 158
253 156 169
253 177 172
253 188 149
253 191 167
253 239 144
253 245 167
253 250 153
254 8 153
254 14 163
254 18 157
254 29 158
254 55 171
254 81 176
254 82 161
254 97 167
254 101 146
254 149 149
254 161 167
254 169 163
254 190 161
254 215 175
254 227 151
254 239 147
254 280 160
254 283 172
254 294 159
254 307 164
255 15 162
255 26 172
255 39 171
255 97 174
255 105 146
255 118 155
255 156 146
255 158 162
255 173 147
255 177 169
255 181 162
255 211 150
255 214 161
255 233 160
255 242 148
255 256 176
256 27 153
256 37 166
256 38 165
256 44 164
256 47 165
256 52 147
256 84 171
256 92 169
256 110 156
256 121 151
256 132 176
256 155 165
256 173 154
256 176 152
256 215 144
256 217 169
256 233 163
256 262 148
256 280 175
256 302 160
256 310 153
257 26 149
257 46 169
257 53 155
257 68 144
257 76 175
257 101 146
257 103 166
257 118 159
257 145 156
257 152 171
257 163 167
257 177 171
257 193 148
257 241 144
257 262 150
257 284 176
257 300 148
258 34 146
258 49 165
258 81 163
258 103 144
258 104 153
258 133 175
258 152 144
258 167 160
258 318 176
259 6 167
259 47 173
259 58 159
259 69 163
259 112 158
259 138 155
259 299 144
259 311 166
259 312 153
260 1 172
260 93 146
260 101 166
260 130 160
260 160 175
260 179 145
260 239 147
260 274 151
260 297 145
261 19 153
261 27 153
261 29 144
261 33 152
261 41 171
261 52 167
261 58 160
261 60 170
261 88 159
261 111 165
261 112 174
261 125 154
261 168 175
261 187 155
261 202 176
261 208 160
261 236 176
261 251 174
261 255 160
261 256 145
261 259 174
261 264 156
261 274 160
261 312 163
262 27 146
262 63 162
262 72 157
262 80 165
262 86 164
262 108 167
262 117 170
262 127 169
262 136 155
262 180 163
262 184 147
262 198 151
262 217 147
262 263 144
262 264 155
262 270 152
262 290 164
263 0 160
263 8 149
263 18 157
263 34 165
263 39 159
263 74 155
263 109 155
263 171 162
263 196 166
263 237 159
263 282 175
263 286 174
263 315 160
263 318 148
264 109 162
264 117 146
264 130 173
264 136 167
264 150 145
264 165 175
264 171 159
264 176 176
264 218 171
264 228 174
264 229 172
264 270 147
264 316 176
265 3 163
265 24 163
265 59 162
265 78 146
265 79 149
265 80 172
265 89 154
265 128 160
265 136 149
265 155 175
265 168 155
265 170 162
265 224 166
265 256 154
265 261 163
265 270 170
266 22 163
266 28 158
266 35 151
266 67 158
266 72 144
266 91 174
266 107 146
266 147 154
266 150 154
266 185 165
266 199 154
266 218 170
266 235 152
266 238 145
266 267 146
266 270 163
266 274 157
266 291 144
267 35 162
267 61 148
267 65 146
267 87 158
267 89 170
267 101 165
267 113 153
267 133 159
267 172 155
267 173 163
267 210 145
267 236 165
267 237 161
267 238 168
267 276 148
267 305 149
267 310 172
268 3 166
268 5 145
268 47 147
268 85 164
268 112 157
268 168 158
268 184 162
268 192 162
268 238 147
268 243 170
268 246 158
268 272 146
268 294 164
268 297 168
268 298 149
268 319 161
269 22 157
269 25 176
269 32 172
269 33 171
269 49 174
269 62 154
269 104 154
269 105 154
269 109 161
269 133 152
269 139 156
269 212 163
269 226 159
269 261 159
269 262 165
269 299 150
269 311 167
270 10 149
270 22 155
270 30 151
270 40 159
270 88 171
270 122 149
270 208 168
270 232 164
270 273 158
270 276 164
270 280 149
270 295 171
271 15 170
271 22 170
271 76 163
271 90 163
271 110 149
271 120 171
271 126 154
271 130 159
271 143 146
271 146 148
271 186 173
271 196 153
271 199 165
271 201 147
271 220 161
271 223 151
271 226 162
271 228 168
271 246 166
271 254 161
271 282 156
272 14 152
272 24 162
272 26 147
272 71 155
272 75 158
272 82 149
272 149 163
272 157 167
272 159 163
272 175 175
272 178 154
272 188 169
272 221 165
272 228 170
272 249 165
272 263 159
272 265 169
272 266 175
272 268 171
272 301 171
272 311 154
273 5 166
273 17 148
273 39 155
273 80 162
273 83 171
273 98 171
273 115 170
273 116 166
273 157 150
273 192 144
273 193 160
273 206 174
273 226 171
273 237 175
273 274 155
273 276 155
273 310 171
274 36 166
274 72 162
274 77 163
274 85 159
274 116 174
274 121 147
274 124 157
274 166 175
274 201 155
274 268 149
274 275 174
274 277 145
274 310 156
274 312 153
274 313 162
275 3 168
275 11 144
275 12 172
275 14 155
275 26 146
275 38 169
275 77 171
275 119 164
275 160 152
275 168 160
275 187 146
275 194 162
275 201 170
275 203 155
275 207 144
275 214 164
275 229 166
275 258 153
275 279 174
275 304 157
276 10 165
276 16 162
276 20 155
276 22 150
276 29 152
276 41 174
276 57 152
276 58 176
276 60 175
276 62 155
276 78 146
276 111 174
276 113 153
276 145 155
276 148 151
276 169 171
276 319 167
277 32 147
277 34 148
277 41 156
277 54 164
277 62 145
277 65 164
277 68 158
277 76 146
277 92 156
277 97 176
277 131 151
277 152 147
277 160 166
277 163 160
277 179 172
277 182 167
277 194 152
277 199 172
277 267 146
277 282 171
277 288 152
277 293 158
277 303 173
277 304 158
278 33 148
278 40 155
278 43 157
278 102 171
278 149 145
278 151 145
278 155 145
278 167 162
278 172 176
278 202 170
278 252 146
278 280 158
279 6 144
279 18 160
279 30 170
279 33 149
279 56 160
279 85 175
279 137 158
279 142 149
279 159 174
279 162 156
279 167 160
279 179 152
279 186 170
279 195 160
279 210 149
279 226 153
279 261 175
279 265 144
279 319 169
280 6 149
280 42 169
280 59 144
280 80 174
280 90 167
280 109 167
280 134 173
280 194 162
280 244 157
280 262 145
280 291 145
281 4 163
281 8 164
281 27 170
281 28 174
281 60 175
281 64 168
281 79 156
281 81 150
281 84 154
281 105 147
281 132 149
281 140 161
281 160 162
281 164 173
281 167 155
281 188 167
281 212 171
281 215 176
281 230 151
281 262 156
281 267 166
281 271 176
281 294 144
281 311 165
281 314 165
282 13 158
282 17 153
282 62 155
282 80 164
282 111 167
282 121 176
282 143 157
282 157 154
282 165 174
282 182 154
282 186 161
282 205 172
282 208 176
282 230 168
282 238 158
282 258 167
282 276 166
282 286 173
282 298 146
282 308 155
282 313 156
282 314 156
283 18 149
283 20 151
283 36 160
283 45 168
283 46 149
283 53 148
283 61 160
283 75 147
283 81 163
283 96 167
283 103 150
283 113 166
283 123 144
283 147 172
283 152 146
283 155 160
283 169 166
283 175 153
283 185 149
283 256 167
283 274 175
283 275 144
283 309 156
283 315 144
283 317 176
284 19 153
284 23 158
284 26 173
284 80 172
284 97 155
284 105 147
284 121 157
284 149 145
284 152 174
284 164 172
284 176 175
284 196 156
284 204 173
284 231 160
284 244 168
284 277 151
284 282 157
284 305 172
285 39 146
285 64 149
285 74 176
285 85 171
285 104 159
285 113 157
285 119 174
285 147 160
285 160 156
285 192 153
285 193 176
285 200 150
285 218 150
285 304 161
286 30 175
286 35 154
286 50 148
286 56 169
286 68 176
286 78 172
286 85 165
286 106 167
286 142 144
286 161 175
286 177 175
286 210 163
286 212 176
286 229 173
286 233 158
286 235 149
286 285 167
286 294 172
286 315 169
287 48 145
287 103 176
287 137 175
287 144 174
287 155 160
287 162 150
287 183 156
287 202 157
287 217 169
287 221 146
287 240 150
287 246 172
287 256 152
287 257 170
287 261 150
287 277 148
287 281 159
287 319 148
288 22 150
288 50 152
288 52 167
288 53 174
288 90 157
288 125 157
288 188 149
288 212 152
288 213 147
288 216 146
288 219 166
288 232 166
288 247 158
288 280 157
288 281 145
289 8 161
289 9 162
289 12 167
289 49 155
289 59 166
289 115 163
289 125 172
289 126 162
289 212 159
289 286 174
289 297 159
290 32 176
290 37 170
290 58 153
290 117 146
290 177 163
290 186 155
290 191 161
290 205 147
290 209 171
290 237 167
290 253 144
290 281 150
290 283 176
290 284 166
290 310 158
291 39 149
291 61 147
291 89 151
291 92 169
291 162 149
291 163 161
291 167 169
291 180 175
291 218 154
291 230 147
291 234 165
291 284 157
291 289 146
292 1 165
292 5 159
292 21 156
292 82 157
292 134 146
292 165 156
292 178 153
292 201 153
292 210 175
292 226 147
292 230 144
293 7 162
293 9 164
293 44 157
293 87 165
293 91 150
293 121 175
293 174 171
293 193 151
293 231 146
293 242 154
293 257 176
293 282 159
293 289 170
293 296 171
294 14 165
294 33 155
294 43 154
294 65 160
294 68 144
294 81 166
294 97 145
294 137 146
294 140 160
294 144 156
294 152 155
294 189 153
294 243 152
294 248 161
294 272 171
294 282 151
294 293 159
294 317 147
295 20 161
295 25 176
295 26 153
295 37 172
295 39 153
295 66 153
295 74 150
295 75 156
295 85 151
295 94 159
295 158 149
295 166 153
295 209 163
295 221 173
295 245 148
295 274 163
295 290 157
295 309 153
296 23 148
296 95 155
296 113 155
296 129 160
296 149 174
296 150 170
296 152 157
296 170 164
296 221 154
296 231 161
296 265 157
296 279 146
296 285 146
296 318 163
297 11 171
297 16 175
297 21 156
297 28 163
297 30 149
297 78 163
297 88 151
297 102 144
297 109 145
297 124 159
297 189 154
297 197 158
297 210 163
297 226 151
297 244 155
297 276 146
297 286 153
298 8 176
298 20 151
298 27 158
298 63 172
298 67 164
298 91 172
298 128 176
298 131 153
298 140 159
298 173 160
298 179 150
298 207 166
298 249 151
298 258 166
298 308 170
299 12 166
299 43 146
299 81 174
299 95 164
299 102 146
299 122 170
299 141 165
299 148 152
299 198 152
299 210 148
299 248 160
299 250 153
299 260 148
299 270 172
299 289 150
300 1 173
300 4 169
300 31 164
300 94 163
300 98 156
300 121 151
300 128 173
300 168 175
300 177 165
300 181 162
300 187 176
300 242 149
300 264 176
300 265 157
300 270 152
300 271 159
300 273 172
300 286 146
300 288 167
300 297 176
301 0 168
301 12 144
301 33 153
301 37 157
301 46 159
301 56 158
301 65 154
301 94 160
301 110 155
301 149 174
301 173 152
301 189 159
301 240 145
301 246 150
301 250 154
301 258 166
301 273 168
301 285 163
302 13 154
302 14 144
302 23 173
302 24 172
302 39 176
302 62 146
302 68 148
302 107 144
302 120 150
302 142 147
302 166 166
302 177 153
302 181 175
302 207 173
302 215 171
302 219 149
302 224 167
302 261 146
302 301 153
302 310 167
303 0 156
303 16 166
303 21 145
303 34 172
303 43 145
303 73 172
303 78 161
303 116 173
303 122 150
303 153 165
303 177 146
303 183 170
303 197 175
303 305 152
303 315 175
304 53 176
304 79 155
304 85 146
304 106 150
304 107 147
304 110 173
304 114 146
304 130 167
304 183 159
304 194 151
304 232 169
304 259 176
304 269 164
304 296 169
305 28 163
305 30 161
305 48 151
305 57 169
305 76 148
305 77 155
305 78 159
305 109 144
305 149 168
305 178 154
305 227 157
305 271 163
306 19 154
306 28 152
306 39 166
306 75 154
306 80 173
306 81 156
306 100 169
306 127 171
306 139 159
306 160 157
306 167 172
306 175 150
306 223 154
306 249 163
306 252 171
306 292 173
307 3 155
307 13 175
307 16 167
307 22 146
307 35 165
307 41 168
307 43 170
307 57 162
307 59 165
307 89 150
307 96 165
307 108 155
307 122 169
307 129 173
307 170 153
307 179 155
307 218 161
307 239 176
307 257 167
307 287 173
307 294 164
308 5 172
308 8 162
308 22 165
308 33 153
308 65 145
308 156 161
308 158 165
308 167 146
308 211 166
308 234 155
308 236 170
308 248 163
309 30 165
309 43 168
309 57 151
309 75 175
309 83 161
309 147 165
309 175 175
309 192 159
309 198 163
309 278 173
309 283 152
309 298 157
310 17 174
310 75 144
310 78 162
310 91 155
310 103 156
310 106 172
310 127 150
310 155 145
310 168 158
310 171 174
310 178 169
310 203 174
310 240 165
310 283 174
310 305 162
311 8 159
311 44 152
311 57 144
311 97 165
311 130 172
311 138 144
311 165 167
311 180 164
311 188 161
311 224 148
311 251 163
311 269 161
311 274 146
311 281 151
311 289 171
311 319 170
312 39 158
312 47 158
312 87 147
312 99 152
312 143 147
312 149 165
312 269 167
312 271 156
312 290 163
312 304 155
312 310 162
313 10 174
313 17 156
313 28 150
313 34 161
313 40 156
313 61 169
313 68 149
313 98 166
313 113 164
313 139 158
313 151 144
313 167 174
313 169 161
313 173 174
313 233 157
313 267 154
314 1 165
314 19 167
314 54 167
314 75 164
314 88 173
314 94 171
314 105 158
314 120 169
314 132 155
314 133 159
314 145 160
314 147 153
314 171 152
314 202 154
314 213 150
314 233 163
314 243 145
314 281 164
314 292 170
314 297 161
314 302 150
314 304 155
315 4 153
315 13 152
315 42 174
315 43 146
315 51 168
315 55 173
315 87 171
315 104 148
315 107 151
315 122 151
315 127 172
315 135 152
315 138 174
315 161 155
315 198 148
315 206 174
315 213 149
315 236 165
315 255 161
315 265 153
315 293 160
315 313 155
316 1 171
316 2 166
316 90 159
316 95 162
316 104 145
316 126 166
316 160 166
316 178 159
316 197 164
316 205 153
316 209 176
316 256 148
316 291 149
316 301 159
317 10 171
317 59 157
317 62 158
317 64 166
317 69 168
317 108 155
317 123 152
317 145 172
317 146 151
317 154 155
317 159 174
317 173 154
317 181 170
317 184 174
317 211 173
317 252 152
317 261 167
318 1 147
318 17 160
318 43 159
318 45 166
318 57 162
318 78 173
318 106 159
318 110 152
318 120 170
318 136 165
318 156 169
318 178 164
318 184 160
318 193 157
318 206 155
318 214 147
318 280 161
318 310 153
319 8 144
319 10 165
319 30 176
319 33 163
319 60 165
319 68 162
319 162 152
319 180 150
319 204 144
319 207 155
319 210 169
319 221 158
319 231 145
