160
0 48 85
0 76 88
0 142 72
1 6 82
1 8 74
1 11 85
1 22 73
1 23 72
1 34 76
1 45 84
1 55 78
1 92 86
1 96 79
1 100 85
2 23 81
2 39 81
2 54 85
2 77 83
2 98 75
2 111 84
2 116 86
2 123 77
3 18 83
3 30 82
3 85 87
3 87 85
3 93 78
3 100 74
3 110 72
3 120 78
3 127 80
3 158 77
4 0 72
4 20 80
4 94 86
4 124 77
4 150 85
5 1 82
5 8 75
5 25 87
5 46 81
5 59 72
5 125 86
5 144 78
6 4 74
6 24 76
6 32 74
6 35 76
6 36 73
6 40 86
6 54 78
6 55 75
6 82 81
6 92 78
6 95 72
6 107 80
6 112 77
6 120 75
6 121 87
6 152 87
6 155 78
7 37 88
7 49 78
7 74 87
7 81 78
7 122 87
7 140 85
8 1 83
8 43 82
8 47 75
8 54 73
8 70 77
8 84 77
8 119 79
8 147 73
9 3 84
9 71 87
9 82 74
9 95 84
9 99 78
9 116 77
9 128 73
9 131 76
10 22 82
10 29 81
10 107 75
10 109 74
10 125 84
10 135 78
11 51 72
11 52 84
11 54 81
11 58 73
11 67 79
11 82 73
11 95 87
11 113 73
11 152 81
12 6 85
12 7 83
12 53 85
12 63 82
12 150 82
13 5 72
13 22 87
13 41 87
13 53 72
13 81 79
13 87 88
13 133 85
13 141 86
13 143 87
13 144 87
13 148 76
13 155 76
14 23 88
14 31 83
14 38 84
14 56 85
14 57 77
14 63 72
14 77 75
14 133 72
14 135 79
15 7 85
15 40 82
15 66 78
15 81 83
15 82 73
15 88 82
15 149 80
15 156 79
16 36 86
16 43 73
16 50 77
16 97 81
16 121 77
16 124 80
17 16 84
17 67 75
17 68 84
17 94 88
17 98 77
17 101 72
17 134 75
18 6 72
18 27 86
18 93 84
18 95 85
18 100 80
18 106 85
18 108 76
18 123 76
18 124 83
18 141 77
19 10 86
19 22 79
19 37 78
19 39 87
19 108 79
19 113 81
19 117 79
19 141 77
20 48 88
20 62 74
20 89 86
20 95 81
20 108 72
20 142 82
21 2 74
21 47 78
21 81 87
21 91 77
21 114 83
21 121 87
21 123 87
22 23 87
22 60 77
22 61 85
22 69 77
22 71 79
22 77 75
22 94 87
22 119 73
22 129 73
23 8 77
23 26 85
23 46 86
23 47 76
23 51 83
23 64 82
23 69 76
23 142 87
23 148 74
24 0 88
24 4 88
24 33 82
24 43 87
24 45 73
24 57 72
24 99 80
24 105 82
24 119 84
24 127 73
24 137 85
24 140 75
24 145 76
25 47 73
25 48 73
25 51 87
25 88 78
26 6 78
26 69 78
26 76 75
26 110 74
26 114 75
26 123 80
26 130 72
26 137 80
26 139 80
27 1 72
27 25 80
27 77 80
27 81 86
27 85 85
27 87 77
27 89 73
27 97 87
27 100 72
27 102 75
27 115 80
27 139 81
27 155 88
28 50 79
28 56 74
28 63 77
28 69 73
29 10 72
29 18 88
29 43 72
29 60 73
29 106 77
29 108 80
29 146 84
30 21 87
30 28 81
30 48 76
30 63 84
30 79 75
30 81 80
30 92 79
30 105 76
30 113 81
30 114 86
30 117 87
30 124 84
30 129 82
30 131 72
30 133 83
31 4 86
31 11 83
31 13 86
31 14 78
31 15 80
31 34 76
31 67 82
31 108 73
31 141 74
31 145 79
31 147 80
31 154 78
32 5 78
32 15 85
32 54 86
32 71 88
32 105 77
32 107 79
32 122 88
32 137 82
32 140 78
32 157 83
33 26 76
33 41 87
33 66 77
33 105 75
33 115 86
33 124 75
33 152 78
34 38 88
34 49 77
34 64 76
34 74 79
34 79 87
34 82 75
34 87 77
35 59 80
35 77 73
35 79 75
35 96 80
35 97 81
35 132 72
36 12 85
36 19 74
36 29 74
36 31 88
36 47 85
36 78 84
36 104 85
36 126 86
36 150 79
37 27 73
37 28 79
37 34 88
37 41 82
37 78 84
37 84 81
37 127 72
37 135 81
37 156 73
38 6 82
38 8 87
38 19 81
38 31 88
38 112 86
38 113 84
38 154 75
39 54 80
39 94 73
39 99 74
39 100 81
39 112 84
39 131 86
39 141 76
39 149 83
40 3 82
40 28 79
40 34 86
40 73 74
40 78 80
40 96 88
40 105 81
40 112 74
40 123 72
40 141 72
40 152 77
40 153 74
41 15 84
41 34 78
41 36 77
41 153 79
42 7 81
42 15 82
42 66 86
42 74 83
42 89 80
42 94 72
42 96 79
42 102 74
42 116 78
42 143 87
43 31 85
43 44 87
43 62 75
43 67 73
43 124 86
44 33 73
44 43 72
44 49 74
44 51 86
44 66 73
44 68 82
44 94 83
44 106 78
44 114 80
44 138 88
45 13 88
45 15 79
45 50 80
45 115 78
45 129 79
45 133 81
46 62 76
46 79 80
46 81 82
46 96 73
46 120 73
46 130 86
46 144 85
46 152 86
47 37 74
47 52 81
47 59 80
47 77 81
47 92 85
47 109 80
47 131 82
47 139 81
48 35 76
48 42 76
48 62 80
48 67 83
48 81 72
48 108 79
48 116 85
48 135 73
48 147 82
48 156 87
49 15 86
49 36 75
49 67 86
49 70 79
49 75 87
49 79 87
49 90 82
49 102 73
49 107 75
49 129 78
49 140 74
50 0 72
50 1 87
50 6 85
50 14 87
50 21 86
50 26 73
50 29 85
50 35 84
50 38 72
50 68 78
50 75 72
50 85 77
50 132 88
50 134 79
50 150 72
50 159 88
51 25 85
51 26 74
51 67 81
51 69 74
51 89 73
51 96 81
51 118 75
51 121 80
52 0 81
52 16 81
52 60 87
52 91 76
52 112 73
52 114 73
52 134 85
52 145 86
53 31 84
53 43 73
53 73 79
53 77 76
53 153 82
54 4 75
54 34 86
54 56 81
54 63 88
54 139 78
54 141 81
54 142 84
54 143 77
54 155 87
55 2 73
55 15 76
55 21 74
55 76 82
55 81 88
55 122 82
55 133 74
56 42 78
56 43 72
56 49 82
56 63 75
56 65 83
56 84 76
56 101 86
56 120 88
56 123 80
56 144 81
56 146 84
56 151 72
57 16 82
57 42 81
57 45 85
57 49 73
57 67 72
57 71 77
57 115 72
57 137 72
57 151 78
58 47 81
58 98 88
58 109 76
58 145 87
58 152 86
58 154 85
59 24 76
59 46 81
59 60 82
59 117 73
60 5 83
60 6 76
60 62 73
60 128 88
60 151 76
61 37 82
61 38 76
61 54 76
61 56 73
61 67 80
61 97 88
61 114 75
61 116 78
61 117 80
61 145 77
61 150 81
61 157 79
62 3 85
62 38 78
62 40 87
62 44 86
62 48 73
62 52 78
62 85 88
62 127 73
63 62 72
63 64 84
63 69 81
63 85 72
63 127 87
64 27 80
64 28 86
64 60 85
64 63 77
64 65 80
64 76 83
64 111 76
64 114 79
65 34 79
65 55 85
65 63 84
65 137 88
66 26 87
66 37 73
66 97 87
66 125 85
66 146 76
67 9 86
67 12 79
67 25 77
67 30 72
67 52 72
67 69 83
67 71 85
67 84 74
67 87 83
67 117 88
67 122 72
68 4 77
68 30 74
68 34 86
68 48 77
68 51 75
68 76 75
68 87 86
68 92 83
68 121 78
68 122 87
68 143 72
68 148 77
69 6 75
69 33 73
69 45 78
69 91 72
69 125 77
70 4 82
70 17 73
70 65 79
70 112 83
70 149 80
71 24 79
71 32 86
71 44 87
71 55 79
71 86 88
71 91 85
71 107 83
71 123 75
71 146 80
71 147 87
71 149 76
72 97 76
72 150 88
73 13 87
73 26 82
73 42 80
73 54 83
73 62 85
73 97 79
73 108 85
73 144 73
74 31 74
74 33 77
74 36 81
74 65 78
74 80 77
74 96 73
74 153 88
75 2 84
75 10 80
75 61 85
75 97 75
75 102 77
75 111 77
75 115 75
75 128 80
75 143 78
75 156 84
76 52 75
76 54 79
76 61 79
76 87 76
76 94 83
77 14 72
77 35 88
77 48 85
77 55 85
77 78 82
77 86 80
77 91 79
77 97 73
77 130 73
78 4 88
78 34 87
78 62 79
78 96 76
79 19 76
79 21 76
79 37 75
79 47 77
79 57 72
79 72 72
79 78 77
79 80 75
79 102 82
79 131 77
79 144 80
80 2 78
80 38 74
80 61 78
80 64 72
80 107 88
80 108 80
80 131 79
81 16 84
81 17 78
81 36 82
81 56 82
81 62 74
81 67 74
81 92 82
81 132 72
81 146 83
82 12 80
82 21 72
82 30 73
82 58 76
82 67 86
82 86 74
82 96 81
82 98 84
82 103 73
82 108 75
82 128 77
82 151 81
82 154 77
83 0 86
83 32 76
83 35 77
83 42 74
83 49 83
83 87 85
83 115 88
83 127 80
83 131 78
83 138 85
83 148 77
84 27 86
84 42 73
84 54 80
84 56 86
84 59 72
84 85 75
84 130 87
84 144 79
84 149 78
85 4 87
85 24 74
85 27 72
85 52 78
85 67 83
85 71 88
85 84 81
85 86 84
85 108 81
85 110 81
86 28 86
86 37 84
86 57 77
86 111 72
86 113 87
86 158 77
87 3 72
87 17 75
87 34 75
87 107 86
87 129 73
87 141 85
87 145 84
88 12 83
88 21 80
88 22 80
88 86 77
89 12 82
89 17 88
89 25 86
89 29 72
89 40 77
89 49 78
89 102 85
89 134 80
90 61 82
90 75 82
90 76 73
90 109 81
90 110 72
90 135 79
90 140 88
90 141 85
91 31 77
91 48 81
91 72 74
91 115 82
91 125 86
91 138 83
91 159 83
92 68 78
92 97 88
92 135 84
92 139 75
92 142 78
92 158 84
93 3 84
93 29 75
93 51 81
93 52 86
93 61 76
93 68 75
93 72 85
93 106 74
93 127 88
93 132 75
93 141 78
94 13 80
94 26 80
94 76 74
94 77 76
94 106 88
94 136 82
94 157 88
95 28 86
95 45 88
95 48 77
95 60 78
95 68 77
95 74 75
95 100 76
95 106 75
95 120 88
95 158 78
96 37 82
96 40 78
96 62 87
96 66 86
96 84 84
96 85 77
96 108 72
96 121 77
97 7 80
97 16 86
97 52 81
97 69 79
97 71 86
97 77 78
97 89 87
97 98 87
97 102 85
97 128 78
97 138 82
97 156 85
98 37 75
98 81 79
98 103 78
98 109 80
98 149 81
99 41 80
99 80 79
99 85 74
99 96 72
99 112 76
99 114 82
99 143 72
100 5 74
100 6 72
100 7 75
100 8 73
100 15 79
100 45 82
100 65 84
100 117 87
101 32 78
101 61 73
101 73 86
101 85 87
101 92 86
101 93 79
101 97 87
101 120 78
101 143 74
102 21 84
102 47 74
102 56 75
102 69 87
102 108 87
102 131 85
102 152 83
103 0 72
103 3 81
103 6 85
103 11 86
103 36 81
103 40 88
103 92 82
103 111 85
103 114 82
103 117 88
103 122 85
103 141 78
103 151 76
103 158 81
104 30 79
104 75 82
104 101 82
104 129 82
104 149 85
105 6 77
105 41 79
105 68 79
105 86 87
105 95 72
105 96 75
105 101 85
105 157 87
106 0 78
106 2 75
106 7 84
106 22 82
106 37 79
106 66 81
106 95 86
106 98 77
106 117 83
107 8 80
107 43 75
107 59 74
107 104 73
108 54 78
108 82 73
108 110 86
108 116 78
108 129 73
108 141 88
109 18 83
109 20 83
109 53 77
109 85 77
109 95 84
109 117 85
109 140 73
109 144 85
109 150 85
110 38 81
110 46 81
110 65 81
110 80 88
110 96 84
110 116 87
110 121 87
110 131 85
111 15 85
111 23 78
111 38 80
111 57 85
111 72 80
111 82 84
111 96 79
111 100 87
111 106 83
111 137 79
111 146 81
112 30 82
112 84 83
112 102 73
112 115 80
112 143 87
112 147 73
113 52 73
113 68 79
113 90 76
113 91 81
113 108 74
113 109 75
113 153 78
114 10 88
114 12 72
114 20 77
114 112 83
114 122 79
114 130 74
115 14 81
115 37 82
115 40 76
116 24 81
116 33 85
116 53 86
116 146 81
117 56 74
117 60 73
117 66 77
117 74 79
117 122 86
117 124 77
117 128 85
117 129 75
117 138 79
117 143 75
117 146 77
117 149 88
118 23 80
118 64 80
118 84 76
118 91 79
118 100 83
118 115 74
118 119 76
118 139 74
118 140 87
118 145 79
119 31 78
119 51 76
119 129 84
120 13 78
120 23 79
120 38 82
120 61 80
120 63 84
120 89 75
120 95 78
121 42 82
121 69 78
121 71 80
121 76 80
121 82 77
121 85 75
121 96 72
121 98 88
121 159 85
122 30 86
122 53 78
122 59 74
122 75 78
122 120 76
122 142 79
122 158 83
123 7 85
123 15 75
123 20 79
123 38 79
123 42 80
123 46 80
123 52 80
123 80 80
123 93 75
123 109 78
123 111 78
124 6 84
124 34 79
124 36 76
124 62 78
124 126 77
124 129 87
124 156 86
125 15 81
125 42 72
125 55 83
125 56 82
125 75 85
125 93 78
125 108 80
125 122 82
125 159 86
126 17 79
126 20 88
126 36 83
126 45 80
126 76 79
126 114 72
126 122 86
126 138 88
127 0 83
127 9 87
127 27 88
127 33 83
127 46 77
127 60 76
127 74 84
127 84 82
127 87 85
127 130 87
127 134 85
127 152 81
128 1 72
128 30 72
128 33 80
128 62 83
128 80 81
128 81 79
128 95 86
128 100 75
128 113 83
128 153 87
128 155 77
129 57 76
129 101 80
129 105 72
129 159 78
130 8 79
130 11 78
130 32 88
130 33 77
130 34 83
130 42 88
130 94 72
130 101 81
130 107 88
130 137 82
130 142 88
130 146 85
131 34 77
131 39 85
131 64 87
131 104 84
131 136 78
131 144 73
131 156 76
132 24 82
132 43 73
132 52 72
132 90 84
132 94 81
132 98 75
132 100 72
132 103 77
132 108 85
132 120 75
132 144 75
133 17 77
133 35 84
133 47 87
133 73 77
133 78 81
133 99 74
133 101 75
133 111 79
134 11 78
134 23 73
134 56 74
134 93 72
134 94 83
134 112 77
134 116 75
134 126 85
134 129 87
134 133 76
135 16 86
135 18 88
135 47 76
135 79 74
135 118 88
135 131 87
135 146 74
135 149 74
135 159 79
136 8 78
136 20 79
136 28 77
136 57 82
136 95 78
136 105 73
136 110 85
136 112 88
136 113 83
136 114 86
136 124 81
136 144 83
136 157 82
136 158 78
137 12 85
137 27 85
137 46 79
137 56 85
137 65 81
137 75 85
137 140 88
137 148 79
137 151 79
137 157 72
138 9 83
138 21 87
138 44 88
138 53 72
138 66 73
138 147 88
138 153 84
139 2 85
139 13 76
139 51 72
139 78 78
139 123 78
139 141 87
139 149 72
139 153 88
140 5 84
140 17 73
140 21 77
140 61 73
140 71 83
140 78 78
140 92 75
140 95 79
140 126 86
140 154 88
141 64 76
141 86 80
141 119 81
141 122 72
141 136 78
142 33 79
142 37 73
142 47 80
142 82 73
142 84 85
142 89 72
142 91 84
142 96 85
142 108 72
143 19 72
143 22 78
143 32 88
143 50 76
143 60 87
143 61 79
143 77 87
143 84 79
143 113 72
143 117 85
144 12 86
144 28 80
144 39 72
144 55 86
144 57 73
144 107 84
144 138 81
144 146 82
145 15 84
145 28 73
145 88 85
145 98 87
145 141 72
146 9 73
146 60 76
146 65 81
146 84 72
146 102 85
146 107 84
146 128 73
146 133 85
147 16 86
147 71 88
147 86 82
147 98 82
147 137 87
147 138 74
147 144 74
148 17 76
148 88 80
148 135 80
148 139 78
148 150 76
149 5 79
149 10 86
149 37 77
149 40 79
149 101 83
149 106 74
149 115 87
149 124 78
149 135 76
149 141 84
150 3 74
150 16 76
150 27 79
150 75 87
150 83 72
150 101 88
150 145 75
151 4 76
151 23 76
151 35 79
151 83 72
151 90 74
151 106 88
151 131 84
151 152 82
151 155 76
152 1 76
152 98 84
152 106 88
152 125 77
152 135 78
152 159 79
153 1 81
153 3 88
153 26 85
153 33 73
153 39 81
153 46 76
153 65 88
153 77 88
153 88 78
153 110 80
153 128 72
153 131 84
153 146 74
153 147 78
154 16 85
154 49 77
154 62 87
154 68 77
154 84 80
154 89 84
154 97 80
154 124 79
154 128 75
154 130 72
154 142 88
155 16 88
155 57 75
155 79 83
155 129 85
155 132 77
156 5 87
156 10 82
156 35 77
156 40 88
156 98 75
156 103 77
156 106 72
156 108 83
156 116 77
156 123 79
156 141 86
156 155 87
157 48 86
157 73 72
157 77 86
157 92 72
157 94 79
157 123 82
157 134 75
157 137 79
157 146 85
157 152 84
158 19 84
158 62 86
158 67 80
158 117 77
158 129 73
159 23 80
159 42 77
159 51 87
159 77 75
159 80 82
159 94 87
159 105 77
159 130 86
159 132 74
159 136 76
159 145 84
159 150 81
